0.72 0.08 -3 -0.45 -2 20.15 1 -66 -3 32 0.00 0.00 0.00 22.84 22.87 22.97 23.16 23.50 23.62 24.66 26.75 23.22 23.56 24.16 24.41 24.03 23.47 23.62 23.91 1
0.72 0.08 1 0.55 -2 18.15 1 -65 -4 33 0.00 0.00 0.00 22.56 22.72 22.94 23.22 23.41 23.72 24.12 25.72 23.06 23.44 23.84 24.00 23.31 23.34 23.69 23.72 1
0.72 0.08 0 0.55 -4 14.15 1 -63 -3 38 0.00 0.00 0.00 22.62 22.75 22.87 22.87 23.34 23.59 23.72 24.78 23.19 23.34 23.19 23.50 23.03 23.22 23.47 23.62 1
0.63 0.08 4 4.55 0 14.15 1 -60 -8 39 0.00 0.00 0.00 22.44 22.50 22.78 23.06 23.34 23.69 24.19 25.53 24.22 23.78 23.03 23.41 23.19 23.16 23.31 23.44 1
0.63 0.08 -5 -0.45 -4 10.15 1 -59 -3 38 0.00 0.00 0.00 22.53 22.37 22.59 22.87 23.16 23.25 23.37 23.81 22.75 22.94 22.81 23.25 22.75 23.03 23.12 23.31 1
0.63 0.08 0 -0.45 1 11.15 1 -61 -4 38 0.00 0.00 0.00 22.37 22.56 22.72 22.97 23.12 23.34 23.62 24.16 22.91 22.97 22.78 23.22 23.16 23.03 23.12 23.69 1
0.63 0.08 7 6.55 0 11.15 1 -59 -3 38 0.00 0.00 0.00 22.41 22.50 22.56 22.91 23.09 23.09 23.37 23.94 22.87 22.81 22.78 23.12 22.91 22.87 23.09 23.41 1
0.52 0.08 -7 -0.45 0 11.15 1 -58 -3 38 0.00 0.00 0.00 22.37 22.37 22.69 22.91 23.28 23.62 24.00 24.09 23.16 23.34 23.06 23.09 22.87 23.06 23.31 23.44 1
0.52 0.08 0 -0.45 -2 9.15 1 -59 -2 39 0.00 0.00 0.00 22.75 22.47 22.78 23.06 23.19 23.16 23.62 24.16 22.94 22.81 22.81 23.41 23.19 23.06 23.25 23.72 1
0.52 0.08 1 0.55 2 11.15 1 -59 -1 37 0.00 0.00 0.00 22.37 22.47 22.75 22.78 23.19 23.28 23.78 24.94 23.47 22.94 22.97 23.31 23.16 23.03 23.22 23.47 1
0.42 0.08 1 1.55 0 11.15 1 -61 -4 39 0.00 0.00 0.00 22.56 22.41 22.62 22.87 23.06 23.25 23.37 23.84 22.91 22.84 22.62 23.31 22.91 22.97 23.25 23.19 1
0.42 0.08 1 2.55 2 13.15 1 -60 -6 39 0.00 0.00 0.00 22.41 22.44 22.62 22.84 22.94 23.34 23.37 24.03 23.06 22.84 22.66 23.22 23.00 22.94 23.16 23.12 1
0.42 0.08 -3 -0.45 8 21.15 1 -61 -7 38 0.00 0.00 0.00 22.53 22.72 22.81 23.00 23.12 23.37 23.44 24.22 23.75 23.34 22.94 22.94 22.94 23.00 23.03 23.28 1
0.42 0.08 4 3.55 -9 12.15 1 -64 -7 40 0.00 0.00 0.00 22.34 22.31 22.31 22.78 23.09 22.97 23.56 24.81 22.75 23.28 23.12 23.03 22.69 22.94 23.09 23.28 1
0.33 0.08 -4 -0.45 1 13.15 1 -61 -10 39 0.00 0.00 0.00 22.37 22.47 22.62 22.81 22.97 23.22 23.56 25.06 22.84 23.34 23.28 23.37 22.81 22.94 23.19 23.31 1
0.33 0.08 3 2.55 -3 10.15 1 -59 -9 39 0.00 0.00 0.00 22.19 22.41 22.59 22.81 22.87 23.09 23.41 24.75 22.78 23.22 22.97 23.12 22.75 22.91 23.06 23.31 1
0.33 0.08 -1 1.55 3 13.15 1 -58 -7 38 0.00 0.00 0.00 22.19 22.28 22.53 22.62 22.84 23.06 23.44 24.97 22.91 22.81 23.12 23.19 22.72 22.97 23.00 23.22 1
0.22 0.08 -1 0.55 -1 12.15 1 -60 -10 37 0.00 0.00 0.00 22.19 22.25 22.37 22.62 22.56 23.03 23.84 25.72 22.87 23.34 23.53 23.56 22.84 22.66 22.78 23.00 1
0.22 0.08 1 1.55 0 12.15 1 -58 -10 36 0.00 0.00 0.00 22.16 22.12 22.28 22.44 22.69 23.22 25.19 26.12 23.00 24.16 24.37 23.41 22.72 22.69 22.84 23.03 1
0.22 0.08 35 36.55 1 13.15 1 -54 -6 35 0.00 0.00 0.00 22.22 22.12 22.31 22.62 22.84 22.84 24.56 25.94 22.94 23.81 23.97 23.41 22.72 22.72 22.84 23.06 20
0.22 0.08 -33 3.55 3 16.15 1 -55 -6 32 0.00 0.00 0.00 22.09 22.16 22.44 22.53 22.91 23.16 24.37 25.94 22.94 23.87 23.87 23.44 22.72 22.78 22.87 23.09 1
0.12 0.08 -4 -0.45 2 18.15 1 -54 -2 32 0.00 0.00 0.00 22.19 22.22 22.44 22.59 22.97 23.31 24.44 26.12 23.34 24.03 23.97 23.41 22.59 22.78 22.84 23.31 1
0.12 0.08 0 -0.45 -2 16.15 1 -54 -4 33 0.00 0.00 0.00 22.16 22.09 22.31 22.62 22.97 23.28 24.56 26.09 23.37 23.91 23.97 23.37 22.84 22.72 22.84 23.06 1
0.12 0.08 1 0.55 -2 14.15 1 -53 -5 33 0.00 0.00 0.00 22.22 22.31 22.50 22.69 22.84 23.19 24.41 26.06 23.12 23.97 23.84 23.50 22.69 22.78 22.91 23.41 1
0.12 0.08 0 0.55 1 15.15 1 -55 -8 32 0.00 0.00 0.00 22.19 22.16 22.47 22.59 22.78 23.22 24.84 26.16 23.16 24.06 24.03 23.50 22.84 22.81 22.78 23.22 1
0.12 0.08 9 9.55 2 17.15 1 -56 -7 35 0.00 0.00 0.00 22.12 22.12 22.44 22.62 22.87 24.22 26.28 26.66 23.06 24.09 24.66 24.91 23.87 22.97 22.78 23.00 1
0.12 0.08 -9 0.55 12 29.15 1 -62 -9 34 0.00 0.00 0.00 22.25 22.19 22.25 22.81 23.22 25.47 26.94 27.84 23.03 23.28 24.75 25.28 25.41 24.50 23.34 23.37 1
0.12 0.08 3 3.55 15 44.15 1 -63 -8 31 0.00 0.00 0.00 22.25 22.41 22.66 22.81 23.56 25.62 26.47 28.34 23.31 23.00 22.78 23.81 25.16 25.59 25.53 24.94 1
0.02 0.08 26 29.55 1 45.15 1 -64 -7 30 0.00 0.00 0.00 22.16 22.28 22.53 22.84 23.31 25.31 26.47 28.44 23.44 23.03 22.94 23.25 24.50 25.31 25.69 25.19 20
0.02 0.08 -30 -0.45 -10 35.15 1 -60 -5 30 0.00 0.00 0.00 22.28 22.16 22.44 22.59 22.87 24.81 26.31 27.84 22.97 22.97 23.22 24.56 25.06 24.91 24.16 23.47 1
0.02 0.08 1 0.55 -11 24.15 1 -59 -1 31 0.00 0.00 0.00 22.22 22.12 22.31 22.75 22.84 24.12 26.06 27.22 23.19 23.62 24.69 24.69 24.47 23.03 23.03 22.94 1
