-1.22 -1.00 10 -2.86 1 7.14 1 -66 -70 -11 32 0.00 0.00 0.00 21.75 21.44 21.72 22.00 22.25 22.53 22.84 24.81 21.97 22.03 22.00 22.44 22.97 22.84 22.62 22.47 1
 1 -70 -11 32 0.00 0.00 0.00 21.75 21.44 21.72 22.00 22.25 22.53 22.84 24.81 21.97 22.03 22.00 22.44 22.97 22.84 22.62 22.47 1
1.00 -1.00 0 -0.23 0 -1.14 1 -69 -14 33 0.00 0.00 0.00 22.00 21.94 21.97 22.28 22.59 22.75 23.06 24.72 22.91 22.59 22.34 22.81 22.75 22.53 22.75 22.62 1
1.00 -1.00 0 -0.23 16 5.62 1 -67 -14 31 0.00 0.00 0.00 21.84 21.72 22.00 22.25 22.56 22.84 22.97 24.97 22.75 22.87 22.62 22.91 22.78 22.22 22.69 22.31 1
1.00 -1.00 1 0.44 1 6.04 1 -66 -14 31 0.00 0.00 0.00 21.62 21.62 21.91 22.31 22.59 22.78 22.84 24.62 22.69 22.59 22.28 22.75 22.62 22.22 22.66 22.50 1
1.00 -1.00 5 3.79 1 6.46 1 -64 -14 31 0.00 0.00 0.00 21.62 21.44 21.91 22.31 22.34 22.72 22.78 24.84 22.53 22.62 22.34 22.81 22.69 22.25 22.53 22.19 20
1.00 -1.00 -5 0.44 2 7.30 1 -64 -13 30 0.00 0.00 0.00 21.91 21.56 21.84 22.19 22.47 22.84 22.81 24.50 22.59 22.59 22.28 22.78 22.41 22.53 22.53 22.41 1
1.00 -1.00 0 0.44 2 8.15 1 -67 -10 29 0.00 0.00 0.00 21.84 21.66 21.84 22.25 22.47 22.81 22.94 25.03 22.78 22.56 22.53 22.91 22.72 22.19 22.66 22.50 1
1.00 -1.00 -1 -0.23 1 8.57 1 -69 -7 29 0.00 0.00 0.00 21.94 21.59 22.19 22.12 22.44 22.81 22.87 24.97 22.62 22.75 22.31 22.97 22.84 22.44 22.47 22.53 1
1.00 -1.00 1 0.44 0 8.57 1 -71 -8 30 0.00 0.00 0.00 21.72 21.69 22.09 22.19 22.37 22.62 23.00 25.00 22.72 22.59 22.47 22.84 22.81 22.28 22.66 22.31 1
1.00 -1.00 -2 -0.90 -1 8.15 1 -72 -8 31 0.00 0.00 0.00 21.87 21.78 22.09 22.28 22.50 22.87 23.03 25.41 22.81 22.81 22.62 22.91 22.94 22.28 22.66 22.81 1
1.00 -1.00 1 -0.23 0 8.15 1 -73 -10 33 0.00 0.00 0.00 21.87 21.84 22.03 22.37 22.62 22.91 23.00 25.19 22.84 23.00 22.50 22.97 22.84 22.62 22.56 22.50 1
1.00 -1.00 3 1.78 -3 6.88 1 -70 -15 32 0.00 0.00 0.00 21.62 21.69 22.22 22.28 22.50 22.66 22.84 25.09 22.72 22.87 22.31 22.94 22.69 22.31 22.59 22.47 20
1.00 -1.00 -3 -0.23 -1 6.46 1 -70 -13 33 0.00 0.00 0.00 22.03 21.81 22.03 22.37 22.53 23.03 23.09 25.03 22.87 22.75 22.44 23.00 22.97 22.50 22.97 22.44 1
1.00 -1.00 0 -0.23 -1 6.04 1 -62 -9 35 0.00 0.00 0.00 21.91 21.84 22.00 22.22 22.62 22.87 23.06 24.72 23.03 22.37 22.28 22.84 22.81 22.53 22.66 22.72 1
1.00 -1.00 -1 -0.90 1 6.46 1 -62 -12 31 0.00 0.00 0.00 21.97 21.87 21.97 22.44 22.69 22.78 22.97 24.62 22.87 22.53 22.50 22.84 22.69 22.47 22.75 22.66 1
1.00 -1.00 4 1.78 -1 6.04 1 -62 -10 32 0.00 0.00 0.00 21.59 21.87 21.94 22.22 22.53 22.81 22.78 24.50 22.81 22.22 22.22 22.56 22.75 22.34 22.81 22.53 20
1.00 -1.00 -2 0.44 2 6.88 0 -60 -10 31 0.00 0.00 0.00 21.75 21.78 21.87 22.09 22.50 22.81 22.84 24.28 22.75 22.16 22.44 22.44 22.56 22.34 22.66 22.59 1
1.00 -1.00 0 0.44 1 7.30 0 -64 -8 30 0.00 0.00 0.00 21.81 21.69 21.94 22.34 22.62 22.72 22.66 24.53 22.69 22.31 22.34 22.53 22.66 22.41 22.69 22.69 1
1.00 -1.00 2 1.78 -1 6.88 0 -68 -5 31 0.00 0.00 0.00 21.72 21.81 21.84 22.31 22.53 22.72 22.50 23.87 22.69 22.25 22.22 22.16 22.56 22.28 22.66 22.50 20
1.00 -1.00 -4 -0.90 -1 6.46 0 -68 -5 32 0.00 0.00 0.00 21.62 21.75 21.84 22.16 22.41 22.91 22.53 23.44 22.50 22.28 22.03 22.09 22.37 22.47 22.53 22.37 1
1.00 -1.00 1 -0.23 -1 6.04 0 -68 -9 33 0.00 0.00 0.00 21.47 21.69 21.87 21.97 22.25 22.75 22.47 23.59 22.44 22.03 22.06 22.03 22.37 22.25 22.53 22.34 1
1.00 -1.00 0 -0.23 -2 5.19 0 -68 -10 35 0.00 0.00 0.00 21.72 21.59 21.69 21.97 22.34 22.50 22.22 23.50 22.28 22.06 21.97 22.06 22.31 21.97 22.47 22.41 1
26216.00 -1.00 -1 -0.90 -3 3.93 0 -64 -10 35 0.00 0.00 0.00 21.59 21.47 21.87 21.84 22.25 22.47 22.34 23.31 22.34 22.03 21.81 21.91 22.31 22.03 22.47 22.25 1
26216.00 -1.00 1 -0.23 -2 3.08 0 -59 -8 36 0.00 0.00 0.00 21.75 21.53 21.69 21.78 22.25 22.59 22.59 23.56 22.53 22.12 21.97 22.00 22.34 22.16 22.28 22.34 1
26216.00 -1.00 39 25.90 0 3.08 0 -58 -11 35 0.00 0.00 0.00 21.75 21.41 21.75 21.87 22.03 22.41 22.56 23.62 22.44 22.12 21.84 22.00 22.22 22.12 22.41 22.25 20
26216.00 -1.00 -36 1.78 1 3.50 0 -58 -10 34 0.00 0.00 0.00 21.69 21.72 21.69 21.97 22.03 22.56 22.56 23.22 22.25 21.87 21.81 22.06 22.37 22.28 22.25 22.53 20
1.00 -1.00 -3 -0.23 1 3.93 0 -56 -7 34 0.00 0.00 0.00 21.59 21.59 21.75 22.31 22.25 22.56 22.72 23.69 22.62 22.06 21.97 22.09 22.34 22.22 22.47 22.69 1
1.00 -1.00 1 0.44 0 3.93 1 -58 -10 33 0.00 0.00 0.00 21.59 21.56 21.87 22.16 22.44 22.72 22.75 23.81 23.16 22.12 22.00 21.81 22.56 22.16 22.53 22.56 1
1.00 -1.00 130 87.54 1 4.35 1 -56 -9 32 0.00 0.00 0.00 21.69 21.59 21.84 22.19 22.31 22.62 22.69 23.59 22.66 22.22 21.97 21.94 22.44 22.25 22.53 22.53 20
26216.00 -1.00 -131 -0.23 1 4.77 1 -56 -7 32 0.00 0.00 0.00 21.94 21.78 22.06 22.22 22.28 22.72 22.56 23.75 22.72 22.25 22.00 22.09 22.66 22.47 22.56 22.56 1
26216.00 -1.00 2 1.11 2 5.62 1 -60 -4 32 0.00 0.00 0.00 21.84 21.72 21.94 22.19 22.41 22.75 22.59 23.37 22.47 22.37 21.97 22.19 22.56 22.31 22.56 22.37 1
26216.00 -1.00 13 9.82 1 6.04 1 -62 -3 31 0.00 0.00 0.00 21.84 21.59 21.91 22.37 22.47 22.72 22.72 23.94 22.91 22.44 21.97 22.25 22.53 22.25 22.69 22.53 20
26216.00 -1.00 -11 2.45 0 6.04 1 -65 -4 31 0.00 0.00 0.00 21.94 21.78 22.00 22.25 22.47 22.69 22.66 23.78 22.72 22.31 22.19 22.19 22.56 22.37 22.59 22.62 20
26216.00 -1.00 -4 -0.23 -1 5.62 1 -65 -4 31 0.00 0.00 0.00 21.97 21.69 21.94 22.22 22.47 22.66 22.72 23.59 22.56 22.28 22.09 22.12 22.62 22.31 22.56 22.69 1
26216.00 -1.00 1 0.44 -2 4.77 1 -65 -5 32 0.00 0.00 0.00 21.75 21.59 21.84 22.09 22.47 22.91 22.66 23.69 22.91 22.22 22.00 22.19 22.28 22.31 22.56 22.53 1
26216.00 -1.00 1 1.11 0 4.77 1 -65 -8 33 0.00 0.00 0.00 21.66 21.53 21.81 22.19 22.44 22.78 22.72 23.75 22.75 22.19 22.12 22.03 22.50 22.19 22.69 22.41 1
26216.00 -1.00 -2 -0.23 1 5.19 1 -67 -8 32 0.00 0.00 0.00 21.69 21.81 21.94 22.31 22.37 22.62 22.78 23.59 22.62 22.09 21.94 22.25 22.69 22.31 22.72 22.50 1
26216.00 -1.00 -1 -0.90 -1 4.77 1 -67 -6 35 0.00 0.00 0.00 21.84 21.84 22.06 22.34 22.34 22.78 22.84 23.66 22.53 22.25 22.09 22.19 22.66 22.44 22.75 22.81 1
26216.00 -1.00 1 -0.23 -1 4.35 1 -65 -10 35 0.00 0.00 0.00 21.87 21.72 21.97 22.28 22.56 22.81 22.75 23.78 22.66 22.47 22.06 22.19 22.56 22.56 22.56 22.69 1
26216.00 -1.00 2 1.11 -1 3.93 1 -63 -13 33 0.00 0.00 0.00 22.00 22.06 22.22 22.62 22.87 23.25 23.09 24.50 23.25 23.00 22.50 22.53 22.91 22.66 22.97 22.81 1
26216.00 -1.00 -2 -0.23 0 3.93 1 -66 -10 35 0.00 0.00 0.00 22.00 22.00 22.09 22.41 22.69 23.09 23.12 23.78 22.50 22.75 22.44 22.41 22.81 22.59 22.87 22.81 1
26216.00 -1.00 0 -0.23 2 4.77 1 -64 -13 33 0.00 0.00 0.00 21.78 22.00 22.12 22.50 22.69 22.97 22.87 23.66 22.50 22.59 22.50 22.53 22.53 22.37 22.84 22.72 1
26216.00 -1.00 1 0.44 0 4.77 1 -61 -11 33 0.00 0.00 0.00 21.87 21.87 22.31 22.56 22.69 22.81 22.94 23.75 22.59 22.84 22.41 22.53 22.59 22.37 22.81 22.66 1
1.00 -1.00 0 0.44 -3 3.50 1 -63 -10 35 0.00 0.00 0.00 21.87 21.87 22.09 22.37 22.78 23.00 23.28 24.19 23.25 23.00 22.31 22.44 22.72 22.50 22.56 22.69 1
1.00 -1.00 0 0.44 1 3.93 1 -60 -11 35 0.00 0.00 0.00 21.75 21.87 22.00 22.37 22.56 22.87 22.81 23.44 22.53 22.44 22.25 22.22 22.47 22.34 22.69 22.75 1
1.00 -1.00 0 0.44 1 4.35 1 -60 -9 34 0.00 0.00 0.00 21.81 21.81 21.94 22.34 22.59 22.75 22.87 23.59 22.62 22.44 22.19 22.12 22.53 22.50 22.62 22.69 1
1.00 -1.00 3 2.45 3 5.62 1 -62 -9 32 0.00 0.00 0.00 21.94 21.69 22.12 22.34 22.53 22.94 23.19 24.19 22.59 22.84 22.25 22.50 22.66 22.53 22.81 22.75 20
1.00 -1.00 -3 0.44 0 5.62 1 -62 -11 32 0.00 0.00 0.00 22.06 21.94 22.34 22.75 23.12 23.47 24.22 25.59 24.25 23.84 23.12 22.72 23.00 22.53 23.03 23.00 1
1.00 -1.00 -1 -0.23 1 6.04 1 -60 -8 33 0.00 0.00 0.00 22.09 22.00 22.28 22.72 22.91 23.28 23.91 24.97 23.94 23.31 22.75 22.66 22.81 22.72 22.97 23.00 1
1.00 -1.00 26 17.19 0 6.04 1 -62 -7 31 0.00 0.00 0.00 22.06 22.09 22.28 22.69 22.94 23.25 23.19 23.97 22.81 22.72 22.81 22.66 22.94 22.62 22.87 23.03 20
1.00 -1.00 -25 0.44 3 7.30 1 -66 -8 29 0.00 0.00 0.00 22.00 21.81 22.16 22.50 22.87 23.06 23.03 23.87 22.66 22.75 22.47 22.53 22.69 22.50 22.78 22.94 1
1.00 -1.00 0 0.44 -2 6.46 1 -68 -5 30 0.00 0.00 0.00 21.81 21.78 22.00 22.28 22.66 23.09 22.87 23.78 22.59 22.47 22.37 22.50 22.50 22.44 22.75 22.66 1
1.00 -1.00 3 2.45 -1 6.04 1 -67 -4 31 0.00 0.00 0.00 21.97 21.75 21.94 22.31 22.56 23.03 23.34 24.84 23.56 22.84 22.50 22.44 22.69 22.37 22.66 22.69 20
1.00 -1.00 -1 1.78 -1 5.62 1 -69 -6 32 0.00 0.00 0.00 21.87 21.91 21.97 22.16 22.66 22.81 22.81 23.59 22.50 22.50 22.19 22.22 22.59 22.44 22.62 22.72 20
26216.00 -1.00 -1 1.11 1 6.04 1 -68 -8 31 0.00 0.00 0.00 21.97 21.81 22.09 22.47 22.75 23.12 22.84 23.72 22.50 22.59 22.28 22.34 22.75 22.62 22.91 22.78 1
26216.00 -1.00 -3 -0.90 -2 5.19 1 -67 -10 33 0.00 0.00 0.00 22.00 21.91 21.94 22.41 22.66 23.00 23.00 23.97 22.78 22.56 22.31 22.34 22.81 22.50 22.78 22.78 1
26216.00 -1.00 3 1.11 -1 4.77 1 -65 -9 33 0.00 0.00 0.00 22.00 21.72 21.87 22.06 22.59 22.94 22.78 24.28 22.97 22.53 22.16 22.22 22.50 22.41 22.59 22.87 1
1.00 -1.00 -3 -0.90 -1 4.35 1 -66 -10 35 0.00 0.00 0.00 21.69 21.56 21.72 22.03 22.25 22.69 22.50 23.50 22.19 22.22 22.00 21.97 22.50 22.34 22.41 22.31 1
1.00 -1.00 0 -0.90 1 4.77 1 -67 -10 35 0.00 0.00 0.00 21.59 21.75 21.78 22.12 22.34 22.81 22.72 23.28 22.19 22.44 22.09 22.03 22.31 22.41 22.59 22.34 1
1.00 -1.00 1 -0.23 0 4.77 1 -68 -13 34 0.00 0.00 0.00 21.78 21.78 22.19 22.50 22.56 23.22 23.19 24.69 23.12 22.97 22.59 22.66 22.69 22.34 22.72 22.81 1
1.00 -1.00 9 5.80 9 8.57 1 -66 -13 31 0.00 0.00 0.00 22.22 21.84 22.22 22.47 22.41 22.62 22.62 23.22 22.59 22.28 22.41 22.31 22.25 22.37 22.69 22.72 20
26216.00 -1.00 -7 1.11 -10 4.35 1 -60 -11 33 0.00 0.00 0.00 21.94 21.87 22.12 22.28 22.81 22.84 23.19 23.75 22.44 22.50 22.44 22.59 22.72 22.53 22.91 22.69 1
26216.00 -1.00 -2 -0.23 -1 3.93 1 -61 -11 33 0.00 0.00 0.00 22.00 22.03 22.12 22.47 22.87 23.31 23.25 23.75 22.53 22.59 22.56 22.56 22.91 22.75 22.97 22.94 1
26216.00 -1.00 0 -0.23 2 4.77 1 -59 -8 32 0.00 0.00 0.00 22.06 22.06 22.28 22.50 22.87 23.16 23.09 24.91 23.12 23.22 22.56 22.59 22.94 22.69 22.75 23.06 1
26216.00 -1.00 0 -0.23 4 6.46 1 -63 -7 29 0.00 0.00 0.00 22.16 21.91 22.34 22.53 22.72 23.12 23.22 24.16 22.97 22.66 22.66 22.59 22.75 22.69 23.00 22.84 1
26216.00 -1.00 1 0.44 -1 6.04 1 -62 -10 30 0.00 0.00 0.00 22.12 22.19 22.19 22.25 22.91 23.28 22.91 23.81 22.62 22.81 22.22 22.44 22.84 22.75 23.19 22.78 1
26216.00 -1.00 -1 -0.23 1 6.46 1 -66 -5 30 0.00 0.00 0.00 22.16 21.91 22.19 22.47 22.69 23.12 23.12 23.78 22.62 22.50 22.53 22.28 22.94 22.62 23.06 22.87 1
26216.00 -1.00 5 3.12 -4 4.77 1 -63 -6 33 0.00 0.00 0.00 21.97 22.03 22.16 22.50 22.62 23.31 23.22 23.97 22.66 22.59 22.44 22.56 22.91 22.69 22.97 22.97 20
26216.00 -1.00 -3 1.11 -1 4.35 1 -64 -8 34 0.00 0.00 0.00 22.00 22.09 22.19 22.44 22.69 23.19 23.09 23.72 22.47 22.72 22.47 22.47 22.78 22.59 23.03 22.87 1
26216.00 -1.00 61 41.98 2 5.19 1 -65 -8 33 0.00 0.00 0.00 22.28 22.34 22.37 22.75 23.06 23.47 23.22 24.06 22.66 22.91 22.72 22.72 23.09 22.81 23.28 23.37 20
26216.00 -1.00 -62 0.44 0 5.19 1 -67 -8 35 0.00 0.00 0.00 22.31 22.22 22.56 22.53 22.81 23.22 23.34 23.91 22.66 22.87 22.47 22.69 23.00 22.97 23.19 23.06 1
26216.00 -1.00 1 1.11 -4 3.50 1 -62 -9 37 0.00 0.00 0.00 22.16 21.87 22.00 22.37 22.59 23.28 23.00 23.91 22.69 22.53 22.37 22.31 22.84 22.66 22.97 22.81 1
26216.00 -1.00 -1 0.44 0 3.50 1 -58 -11 36 0.00 0.00 0.00 22.09 21.78 22.16 22.50 22.59 23.03 23.03 23.62 22.53 22.50 22.34 22.34 22.78 22.59 22.94 22.78 1
26216.00 -1.00 3 2.45 -1 3.08 0 -59 -10 36 0.00 0.00 0.00 22.09 21.97 22.09 22.25 22.47 22.87 23.25 23.91 22.31 22.59 22.41 22.41 22.84 22.69 22.87 22.78 20
26216.00 -1.00 1 3.12 3 4.35 0 -55 -10 34 0.00 0.00 0.00 21.91 21.84 22.25 22.12 22.34 22.78 23.06 23.78 22.37 22.56 22.44 22.22 22.59 22.56 22.72 22.62 20
26216.00 -1.00 -5 -0.23 1 4.77 0 -55 -8 32 0.00 0.00 0.00 22.03 21.75 22.03 22.31 22.62 22.94 22.94 23.62 22.34 22.53 22.34 22.31 22.66 22.50 22.66 22.91 1
26216.00 -1.00 0 -0.23 2 5.62 0 -58 -3 31 0.00 0.00 0.00 21.78 21.66 21.84 22.12 22.31 22.78 22.84 23.50 22.31 22.47 22.00 22.22 22.37 22.25 22.59 22.62 1
26216.00 -1.00 0 -0.23 -1 5.19 0 -57 -4 32 0.00 0.00 0.00 21.78 21.78 22.00 22.34 22.44 22.62 23.06 23.78 22.53 22.34 22.16 22.25 22.59 22.37 22.81 22.75 1
26216.00 -1.00 1 0.44 3 6.46 0 -64 -6 31 0.00 0.00 0.00 21.75 21.47 21.78 22.03 22.37 22.69 22.84 23.50 22.22 22.25 21.97 22.06 22.50 22.25 22.47 22.72 1
26216.00 -1.00 0 0.44 -3 5.19 0 -65 -3 32 0.00 0.00 0.00 21.84 21.69 21.72 21.94 22.37 22.50 22.69 23.53 22.34 22.28 22.03 21.97 22.50 22.31 22.44 22.41 1
26216.00 -1.00 0 0.44 1 5.62 0 -64 -4 32 0.00 0.00 0.00 21.91 21.53 21.91 22.09 22.37 22.66 22.69 23.56 22.41 22.28 22.12 22.16 22.47 22.22 22.47 22.59 1
26216.00 -1.00 3 2.45 -2 4.77 0 -63 -6 33 0.00 0.00 0.00 21.75 21.47 21.69 22.12 22.44 22.53 22.72 23.69 22.28 22.28 22.00 22.09 22.44 22.22 22.53 22.56 20
26216.00 -1.00 0 2.45 1 5.19 0 -66 -10 34 0.00 0.00 0.00 21.81 21.62 21.84 22.06 22.19 22.62 22.66 23.78 22.41 22.22 21.91 22.12 22.47 22.41 22.47 22.59 20
26216.00 -1.00 -4 -0.23 -1 4.77 0 -67 -10 35 0.00 0.00 0.00 21.56 21.59 21.72 21.97 22.19 22.56 22.62 23.50 22.37 22.09 21.94 22.00 22.34 21.91 22.50 22.56 1
26216.00 -1.00 0 -0.23 -2 3.93 0 -63 -7 36 0.00 0.00 0.00 21.66 21.41 21.62 21.75 22.19 22.47 22.53 23.28 22.28 22.06 21.78 21.84 22.28 22.03 22.31 22.31 1
26216.00 -1.00 -1 -0.90 -1 3.50 1 -63 -7 37 0.00 0.00 0.00 21.59 21.47 21.72 21.81 22.00 22.47 22.62 23.41 22.03 22.16 21.84 21.91 22.28 22.03 22.53 22.31 1
26216.00 -1.00 1 -0.23 -1 3.08 1 -61 -11 37 0.00 0.00 0.00 21.50 21.31 21.62 21.72 21.94 22.19 22.47 23.31 21.87 22.06 21.78 21.91 22.09 22.03 22.06 22.25 1
26216.00 -1.00 -1 -0.90 1 3.50 1 -63 -9 36 0.00 0.00 0.00 21.59 21.16 21.53 21.72 22.09 22.25 22.53 23.41 22.03 21.97 21.84 21.78 22.12 21.87 22.41 22.25 1
26216.00 -1.00 5 2.45 -1 3.08 1 -60 -11 35 0.00 0.00 0.00 21.53 21.41 21.62 21.75 22.22 22.41 22.81 23.37 22.03 22.19 21.91 21.84 22.16 22.12 22.37 22.50 20
26216.00 -1.00 -5 -0.90 1 3.50 1 -58 -7 34 0.00 0.00 0.00 21.56 21.44 21.91 22.00 22.16 22.47 22.62 23.34 22.03 22.19 22.00 22.06 22.41 22.16 22.34 22.31 1
26216.00 -1.00 2 0.44 1 3.93 1 -55 -10 33 0.00 0.00 0.00 21.66 21.44 21.62 21.91 22.22 22.47 22.50 23.59 22.09 22.19 22.03 21.87 22.28 22.22 22.47 22.25 1
26216.00 -1.00 3 2.45 -1 3.50 1 -55 -9 34 0.00 0.00 0.00 21.66 21.72 21.56 21.97 22.16 22.37 22.62 23.41 21.97 22.12 21.94 22.06 22.31 22.19 22.31 22.56 20
26216.00 -1.00 -4 -0.23 1 3.93 1 -56 -7 33 0.00 0.00 0.00 21.66 21.72 21.91 22.06 22.31 22.72 22.94 23.66 22.19 22.34 22.19 22.22 22.53 22.25 22.62 22.62 1
26216.00 -1.00 0 -0.23 3 5.19 1 -55 -8 33 0.00 0.00 0.00 21.91 21.69 21.84 22.06 22.12 22.41 22.81 23.50 22.19 22.25 22.06 22.03 22.47 22.31 22.62 22.41 1
26216.00 -1.00 0 -0.23 1 5.62 1 -59 -7 31 0.00 0.00 0.00 21.56 21.69 21.84 21.91 22.12 22.59 22.59 23.62 22.19 22.19 21.97 22.03 22.41 22.22 22.53 22.41 1
26216.00 -1.00 5 3.12 0 5.62 1 -63 -5 31 0.00 0.00 0.00 21.66 21.69 21.59 21.84 22.19 22.41 22.66 23.53 22.06 22.12 21.81 21.94 22.47 22.12 22.47 22.56 20
26216.00 -1.00 -4 0.44 -2 4.77 1 -61 -2 32 0.00 0.00 0.00 21.78 21.59 21.62 21.94 22.31 22.47 22.75 23.47 22.06 22.22 22.00 22.09 22.22 22.31 22.56 22.47 1
26216.00 -1.00 -1 -0.23 -1 4.35 1 -65 -4 34 0.00 0.00 0.00 21.62 21.44 21.66 22.06 22.16 22.50 22.50 23.44 21.87 22.09 22.03 22.09 22.47 22.12 22.34 22.34 1
26216.00 -1.00 0 -0.23 0 4.35 1 -65 -3 33 0.00 0.00 0.00 21.47 21.41 21.66 21.87 22.09 22.41 22.37 23.56 21.87 22.12 21.94 21.87 22.25 22.16 22.37 22.25 1
52430.00 -1.00 2 1.11 -2 3.50 1 -63 -7 36 0.00 0.00 0.00 21.69 21.28 21.69 21.94 22.19 22.50 22.56 23.59 21.84 22.06 21.97 21.94 22.44 22.22 22.47 22.50 1
52430.00 -1.00 -1 0.44 -1 3.08 1 -63 -10 37 0.00 0.00 0.00 21.59 21.72 21.97 22.06 22.41 22.62 22.69 23.78 22.25 22.16 22.22 22.25 22.44 22.19 22.66 22.69 1
52430.00 -1.00 -2 -0.90 -1 2.66 1 -60 -10 36 0.00 0.00 0.00 21.56 21.69 21.56 21.87 22.12 22.31 22.56 23.37 22.00 22.09 21.97 21.91 22.34 22.09 22.31 22.34 1
52430.00 -1.00 8 4.46 1 3.08 1 -56 -7 35 0.00 0.00 0.00 21.56 21.62 21.53 21.81 22.16 22.28 22.53 23.56 21.78 22.19 21.75 22.00 22.34 22.25 22.50 22.25 20
52430.00 -1.00 -6 0.44 1 3.50 1 -55 -8 33 0.00 0.00 0.00 21.69 21.41 21.81 22.03 22.19 22.41 22.50 23.37 21.87 22.28 21.87 21.84 22.41 22.28 22.47 22.37 1
52430.00 -1.00 7 5.13 2 4.35 1 -54 -6 34 0.00 0.00 0.00 21.59 21.41 21.53 21.69 21.97 22.31 22.53 23.37 21.78 22.00 21.94 21.84 22.28 22.00 22.28 22.28 20
52430.00 -1.00 2 6.47 2 5.19 1 -54 -5 33 0.00 0.00 0.00 21.41 21.50 21.56 21.72 21.97 22.34 22.44 23.47 21.87 21.87 21.81 21.94 22.19 22.06 22.34 22.31 20
52430.00 -1.00 -9 0.44 0 5.19 1 -59 -4 32 0.00 0.00 0.00 21.47 21.56 21.47 21.72 21.91 22.31 22.37 23.34 21.97 22.06 21.72 21.81 22.09 22.00 22.34 22.16 1
52430.00 -1.00 -1 -0.23 2 6.04 1 -61 -3 31 0.00 0.00 0.00 21.62 21.47 21.69 21.87 22.09 22.37 22.53 23.44 22.06 22.09 21.87 21.97 22.28 22.16 22.28 22.37 1
52430.00 -1.00 0 -0.23 1 6.46 1 -65 -5 31 0.00 0.00 0.00 21.47 21.53 21.56 21.62 21.97 22.31 22.25 23.22 21.87 21.94 21.91 21.81 22.16 21.91 22.25 22.09 1
52430.00 -1.00 6 3.79 -3 5.19 1 -64 -4 32 0.00 0.00 0.00 21.59 21.22 21.50 21.72 22.00 22.06 22.22 23.25 21.75 21.94 21.87 21.75 22.19 21.78 22.19 22.09 20
52430.00 -1.00 -3 1.78 -1 4.77 1 -63 -3 33 0.00 0.00 0.00 21.44 21.25 21.47 21.62 22.03 22.44 22.22 23.41 21.84 21.91 21.66 21.84 21.94 22.03 22.28 22.37 20
52430.00 -1.00 -3 -0.23 -1 4.35 1 -65 -4 35 0.00 0.00 0.00 21.34 21.37 21.47 21.81 22.12 22.25 22.22 23.16 21.84 22.00 21.75 21.72 22.12 21.91 22.28 22.12 1
52430.00 -1.00 1 0.44 0 4.35 1 -66 -9 35 0.00 0.00 0.00 21.41 21.28 21.41 21.69 21.97 22.31 22.16 23.12 21.69 21.84 21.69 21.62 22.09 21.94 22.28 22.19 1
52430.00 -1.00 0 0.44 -2 3.50 1 -63 -12 35 0.00 0.00 0.00 21.50 21.25 21.47 21.87 22.06 22.25 22.16 23.12 21.69 21.87 21.66 21.78 22.28 21.78 22.44 22.19 1
52430.00 -1.00 5 3.79 0 3.50 1 -63 -11 36 0.00 0.00 0.00 21.47 21.37 21.56 21.62 21.78 22.22 22.34 22.91 21.81 21.81 21.66 21.78 22.25 21.81 22.06 22.09 20
52430.00 -1.00 13 12.50 -1 3.08 1 -61 -11 36 0.00 0.00 0.00 21.59 21.34 21.66 21.69 22.16 22.37 22.53 23.34 21.84 22.06 22.00 22.16 22.28 21.94 22.34 22.06 20
52430.00 -1.00 -15 2.45 1 3.50 1 -62 -12 34 0.00 0.00 0.00 21.41 21.28 21.34 21.66 21.91 22.19 22.06 23.16 21.72 21.81 21.78 21.78 22.09 21.69 22.00 22.12 20
52430.00 -1.00 -5 -0.90 1 3.93 1 -61 -10 34 0.00 0.00 0.00 21.31 21.19 21.28 21.53 21.94 22.12 22.28 23.25 21.59 21.84 21.62 21.87 21.87 21.81 22.12 22.16 1
52430.00 -1.00 2 0.44 1 4.35 1 -60 -10 34 0.00 0.00 0.00 21.37 21.31 21.37 21.53 21.91 22.16 22.47 23.25 21.84 21.97 21.62 21.69 22.19 21.81 22.19 22.06 1
52430.00 -1.00 -1 -0.23 1 4.77 1 -58 -11 32 0.00 0.00 0.00 21.44 21.31 21.37 21.62 22.03 22.34 22.28 23.16 21.81 22.03 21.72 21.84 21.97 21.97 22.12 22.09 1
52430.00 -1.00 0 -0.23 2 5.62 1 -55 -5 31 0.00 0.00 0.00 21.34 21.31 21.28 21.53 21.78 22.03 22.22 23.00 21.59 21.66 21.75 21.75 22.00 21.87 21.91 21.97 1
52430.00 -1.00 1 0.44 2 6.46 1 -59 -7 30 0.00 0.00 0.00 21.09 20.91 20.94 21.25 21.59 21.91 21.94 22.84 21.44 21.59 21.31 21.56 21.78 21.34 21.78 21.66 1
52430.00 -1.00 -1 -0.23 0 6.46 1 -62 -6 31 0.00 0.00 0.00 21.31 21.00 21.06 21.44 21.62 22.16 22.16 23.25 21.62 21.72 21.59 21.59 21.81 21.66 21.97 22.03 1
52430.00 -1.00 2 1.11 -2 5.62 1 -65 -5 32 0.00 0.00 0.00 21.31 20.94 21.22 21.31 21.62 22.06 22.00 23.06 21.72 21.72 21.56 21.62 21.72 21.62 21.81 21.75 1
52430.00 -1.00 7 5.80 -1 5.19 1 -64 -2 33 0.00 0.00 0.00 21.09 20.97 21.22 21.37 21.72 22.09 22.28 22.78 21.50 21.69 21.47 21.53 21.97 21.62 21.91 21.84 20
52430.00 -1.00 -9 -0.23 -1 4.77 1 -65 -6 33 0.00 0.00 0.00 21.28 21.03 21.41 21.62 21.72 22.16 22.28 23.00 21.78 21.84 21.59 21.62 21.97 21.75 22.06 21.87 1
52430.00 -1.00 0 -0.23 1 5.19 1 -65 -8 33 0.00 0.00 0.00 21.31 21.19 21.34 21.56 21.87 22.16 22.37 23.25 21.81 21.81 21.69 21.72 21.91 21.78 22.25 22.09 1
78644.00 -1.00 0 -0.23 -3 3.93 1 -64 -8 36 0.00 0.00 0.00 21.25 21.37 21.44 21.66 21.91 22.28 22.47 23.25 21.78 22.06 21.72 21.87 22.03 21.91 22.25 22.00 1
78644.00 -1.00 -1 -0.90 -1 3.50 1 -63 -9 37 0.00 0.00 0.00 21.47 21.31 21.47 21.59 21.94 22.22 22.47 23.19 21.78 21.84 21.81 21.94 22.00 21.91 22.41 21.97 1
78644.00 -1.00 2 0.44 -2 2.66 1 -61 -9 37 0.00 0.00 0.00 21.28 21.22 21.53 21.66 21.84 22.22 22.31 23.06 21.72 21.75 21.75 21.87 22.12 21.87 22.00 22.03 1
78644.00 -1.00 1 1.11 1 3.08 1 -59 -9 36 0.00 0.00 0.00 21.53 21.41 21.53 21.91 22.09 22.34 22.72 23.16 21.91 22.16 21.94 21.97 22.34 21.94 22.22 22.22 1
78644.00 -1.00 -1 0.44 0 3.08 0 -57 -10 36 0.00 0.00 0.00 21.47 21.47 21.50 21.81 22.03 22.59 22.53 23.34 22.06 22.09 21.87 21.81 22.34 21.94 22.31 22.31 1
78644.00 -1.00 0 0.44 1 3.50 0 -55 -9 35 0.00 0.00 0.00 21.62 21.44 21.56 21.75 22.12 22.53 22.56 23.50 22.19 22.12 21.94 21.91 22.34 22.03 22.34 22.22 1
78644.00 -1.00 -1 -0.23 1 3.93 0 -54 -8 34 0.00 0.00 0.00 21.56 21.34 21.47 21.75 22.16 22.53 22.69 23.37 22.25 22.06 21.91 21.91 22.22 22.03 22.31 22.19 1
78644.00 -1.00 1 0.44 1 4.35 0 -56 -8 33 0.00 0.00 0.00 21.75 21.44 21.69 21.84 22.16 22.37 22.75 23.37 22.19 22.22 21.94 21.87 22.25 22.16 22.56 22.19 1
78644.00 -1.00 -1 -0.23 2 5.19 0 -61 -7 31 0.00 0.00 0.00 21.41 21.41 21.62 21.97 22.03 22.19 22.22 23.31 21.78 21.94 21.81 21.81 22.16 21.97 22.28 22.41 1
78644.00 -1.00 11 7.14 3 6.46 0 -59 -8 30 0.00 0.00 0.00 21.69 21.75 21.59 22.00 22.12 22.34 22.37 23.59 22.00 21.91 22.03 22.31 22.34 22.06 22.37 22.44 20
78644.00 -1.00 19 19.87 3 7.73 0 -64 -6 30 0.00 0.00 0.00 21.72 21.59 21.84 22.06 22.22 22.62 23.41 25.56 21.91 22.25 22.81 23.56 23.09 22.41 22.59 22.41 20
78644.00 -1.00 -29 0.44 0 7.73 0 -63 -8 29 0.00 0.00 0.00 21.97 21.72 22.03 22.22 22.44 22.87 23.75 25.59 22.28 22.22 22.59 23.53 23.66 22.91 22.78 22.62 1
78644.00 -1.00 4 3.12 2 8.57 0 -68 -7 30 0.00 0.00 0.00 21.84 21.69 21.84 22.06 22.34 22.66 23.19 25.25 22.06 22.25 21.97 22.69 23.25 23.16 22.84 22.66 20
78644.00 -1.00 -4 0.44 -1 8.15 0 -69 -8 31 0.00 0.00 0.00 21.84 21.72 21.66 22.09 22.31 22.81 22.84 24.84 22.06 22.06 22.06 22.53 23.09 22.94 22.66 22.72 1
78644.00 -1.00 0 0.44 2 8.99 0 -69 -6 31 0.00 0.00 0.00 21.59 21.59 21.78 21.97 22.19 22.41 22.78 24.28 21.87 22.09 21.75 22.16 22.69 22.91 22.62 22.50 1
