41.80, 20.30, 2, 398, 1, 0, 207, 208, 221, 1.04, -0.03, -0.16, 7.75, 8.00, 8.25, 7.75, 8.75, 8.50, 9.00, 9.50, 7.75, 7.75, 7.50, 8.50, 8.50, 8.50, 8.75, 8.75, 5.50, 6.00, 7.50, 8.25, 7.50, 7.75, 8.50, 8.25, 6.00, 5.25, 6.75, 8.00, 8.50, 8.50, 8.50, 7.50, 6.50, 4.75, 6.25, 7.25, 7.75, 8.00, 8.50, 9.00, 7.00, 5.50, 5.50, 7.00, 7.75, 8.25, 8.75, 7.75, 7.75, 6.00, 5.00, 7.25, 7.75, 8.00, 7.50, 8.25, 8.50, 6.75, 5.50, 7.25, 7.75, 7.75, 8.75, 9.50, 1
42.00, 20.30, 2, 409, 1, 1, 207, 208, 221, 1.04, -0.03, -0.15, 8.25, 7.50, 8.00, 8.25, 8.50, 8.75, 9.50, 9.50, 7.75, 7.25, 7.75, 7.50, 8.25, 7.75, 8.75, 8.75, 6.25, 6.25, 6.75, 7.25, 7.75, 8.00, 8.25, 8.75, 5.50, 5.50, 7.00, 7.50, 8.00, 7.50, 8.50, 8.00, 6.75, 5.00, 6.00, 7.50, 7.50, 8.00, 7.75, 8.25, 6.50, 5.00, 5.75, 6.75, 7.25, 7.50, 8.50, 7.75, 8.25, 5.50, 4.50, 6.75, 7.75, 8.00, 7.75, 6.75, 8.50, 6.50, 5.50, 6.75, 7.25, 8.00, 8.50, 8.25, 1
42.00, 20.30, 2, 411, 1, 1, 208, 208, 221, 1.04, -0.03, -0.16, 7.50, 7.75, 7.50, 7.25, 7.75, 8.50, 8.75, 9.00, 6.50, 7.50, 7.00, 7.25, 7.50, 7.75, 7.50, 7.75, 5.25, 5.25, 6.75, 7.25, 6.75, 7.75, 8.00, 7.50, 5.75, 4.75, 6.25, 7.00, 7.25, 7.50, 7.25, 7.25, 5.75, 4.25, 5.50, 6.50, 7.25, 7.00, 7.75, 8.25, 6.00, 4.50, 5.25, 6.50, 7.00, 7.25, 8.00, 7.75, 7.00, 5.00, 4.25, 6.25, 7.25, 7.75, 7.00, 8.00, 7.50, 6.50, 5.00, 6.75, 7.00, 7.00, 8.00, 8.25, 1
42.00, 20.30, 4, 399, 1, 1, 207, 208, 221, 1.04, -0.03, -0.15, 7.00, 7.50, 7.00, 7.50, 8.00, 7.75, 8.25, 9.00, 7.25, 6.75, 7.00, 7.50, 7.50, 7.75, 7.75, 8.00, 5.25, 5.25, 6.25, 7.50, 7.00, 7.00, 8.00, 7.75, 4.50, 4.75, 6.50, 7.00, 6.75, 7.75, 7.75, 8.00, 5.75, 4.50, 5.25, 6.50, 7.00, 7.00, 7.50, 8.00, 6.00, 4.75, 5.00, 5.75, 6.75, 7.25, 7.25, 6.75, 7.25, 5.25, 4.00, 5.75, 7.00, 7.25, 7.00, 7.25, 7.25, 5.25, 5.25, 6.25, 6.50, 7.25, 7.75, 8.75, 1
42.00, 20.20, 2, 407, 1, 1, 208, 208, 221, 1.04, -0.03, -0.16, 7.00, 7.50, 7.25, 7.75, 7.50, 8.00, 8.50, 9.00, 7.25, 7.00, 7.00, 7.00, 7.25, 7.75, 7.75, 7.50, 5.25, 5.50, 6.25, 7.25, 6.75, 6.75, 7.25, 7.75, 4.50, 4.75, 6.00, 6.25, 7.00, 7.50, 7.50, 7.00, 6.00, 4.50, 5.00, 6.25, 6.75, 7.00, 7.25, 8.00, 6.00, 4.50, 4.75, 6.25, 6.00, 7.25, 7.75, 6.75, 7.00, 5.00, 4.00, 6.25, 7.00, 7.00, 6.75, 7.25, 7.50, 6.25, 4.50, 6.00, 6.50, 7.25, 7.75, 7.75, 1
42.00, 20.20, 2, 413, 1, 1, 208, 208, 221, 1.04, -0.03, -0.16, 7.25, 6.75, 7.00, 7.75, 7.50, 8.00, 8.50, 8.75, 6.75, 6.75, 6.75, 7.25, 7.75, 7.50, 7.50, 7.75, 5.75, 5.50, 6.00, 7.25, 6.50, 7.00, 8.00, 7.50, 5.25, 4.50, 5.75, 7.00, 6.75, 7.25, 7.00, 7.50, 5.75, 4.75, 5.25, 6.50, 6.50, 7.00, 7.50, 8.25, 6.00, 4.25, 5.00, 6.00, 7.25, 7.00, 7.25, 7.25, 7.50, 5.00, 4.25, 5.50, 7.50, 7.25, 6.50, 7.00, 7.50, 6.50, 5.00, 6.25, 6.75, 7.25, 8.00, 7.50, 1
42.00, 20.20, 16, 399, 1, 1, 208, 208, 221, 1.04, -0.03, -0.16, 6.50, 7.00, 7.00, 7.25, 7.75, 8.50, 8.25, 9.25, 6.75, 7.00, 7.00, 7.00, 7.00, 7.00, 7.75, 7.75, 5.25, 5.00, 6.25, 7.00, 6.25, 7.25, 7.25, 7.75, 4.50, 4.75, 5.50, 6.75, 7.00, 7.25, 7.75, 7.00, 5.75, 4.00, 5.25, 5.50, 6.50, 7.50, 7.50, 7.25, 6.25, 4.00, 5.00, 5.75, 6.50, 6.50, 7.50, 7.25, 7.25, 4.25, 4.00, 6.50, 6.75, 7.25, 6.75, 7.00, 7.50, 5.75, 4.25, 6.75, 6.50, 6.00, 7.25, 8.75, 3
42.10, 20.20, 5, 400, 1, 1, 207, 208, 221, 1.04, -0.03, -0.16, 6.50, 7.00, 7.00, 7.50, 7.25, 7.50, 8.25, 8.00, 6.50, 6.50, 6.50, 6.50, 7.00, 6.75, 7.75, 7.25, 5.00, 5.00, 6.00, 7.00, 6.25, 6.50, 7.25, 7.25, 4.50, 4.75, 5.50, 6.00, 6.75, 6.75, 7.00, 6.50, 5.00, 3.25, 4.75, 6.25, 6.25, 7.25, 6.50, 7.25, 5.50, 3.50, 4.75, 5.25, 6.00, 6.75, 6.75, 7.50, 7.00, 4.00, 3.75, 5.75, 6.50, 7.00, 6.00, 6.50, 7.00, 6.00, 4.25, 5.75, 6.00, 7.00, 7.50, 7.75, 3
42.10, 20.20, 3, 415, 1, 1, 208, 208, 221, 1.03, -0.03, -0.15, 7.00, 7.00, 6.75, 7.75, 7.00, 7.75, 8.00, 8.00, 6.50, 6.50, 6.25, 6.75, 7.50, 6.75, 7.25, 8.00, 5.00, 4.50, 5.50, 6.00, 6.25, 6.75, 7.50, 7.25, 4.75, 4.50, 5.75, 5.75, 6.50, 6.75, 6.50, 7.00, 5.50, 4.00, 4.50, 6.25, 6.25, 6.75, 7.50, 7.75, 5.75, 3.75, 4.50, 5.25, 6.75, 6.50, 7.25, 7.00, 6.75, 4.75, 3.25, 5.75, 6.75, 7.00, 6.25, 7.00, 7.00, 5.75, 4.75, 6.00, 6.50, 7.50, 7.75, 7.50, 3
42.10, 20.20, 2, 411, 1, 1, 208, 208, 221, 1.04, -0.02, -0.16, 6.50, 6.00, 6.25, 7.00, 7.25, 7.75, 8.00, 8.00, 6.25, 7.25, 6.50, 6.25, 6.50, 6.75, 6.75, 7.50, 5.00, 4.75, 5.50, 6.25, 6.25, 6.25, 7.50, 6.75, 4.25, 4.50, 5.50, 6.00, 6.25, 6.75, 6.50, 6.25, 5.75, 3.75, 4.50, 5.75, 5.75, 6.50, 6.75, 7.50, 5.75, 3.50, 4.25, 5.25, 6.50, 6.50, 6.75, 7.00, 6.50, 3.75, 3.00, 5.75, 6.25, 6.25, 5.75, 6.25, 7.00, 6.00, 4.75, 5.75, 6.50, 6.25, 7.50, 8.25, 3
42.20, 20.10, 4, 400, 1, 1, 207, 208, 221, 1.04, -0.03, -0.16, 6.00, 6.75, 6.75, 7.25, 7.25, 7.25, 7.75, 9.00, 7.25, 6.75, 6.25, 6.25, 7.00, 6.75, 7.25, 7.25, 4.50, 4.50, 5.50, 6.50, 6.00, 6.50, 6.75, 7.00, 4.75, 4.25, 5.50, 5.75, 6.25, 7.00, 7.00, 6.50, 5.50, 3.75, 4.50, 5.75, 6.25, 6.25, 6.75, 7.25, 5.25, 3.25, 4.25, 5.50, 6.25, 6.75, 6.75, 6.25, 6.75, 5.00, 3.25, 5.75, 6.25, 6.25, 6.25, 6.75, 7.00, 5.75, 4.25, 5.25, 6.00, 7.25, 7.25, 8.25, 1
42.20, 20.10, 2, 413, 1, 1, 208, 209, 221, 1.04, -0.04, -0.16, 6.75, 6.25, 7.00, 7.00, 7.00, 7.50, 8.25, 8.25, 6.00, 6.00, 6.25, 6.75, 6.50, 6.75, 7.00, 7.00, 4.25, 4.50, 5.75, 6.75, 6.00, 6.25, 7.25, 6.75, 4.50, 3.50, 5.25, 6.25, 6.00, 6.50, 6.50, 5.75, 5.25, 3.75, 4.25, 5.50, 6.00, 6.25, 7.00, 7.75, 5.25, 3.75, 3.50, 5.50, 5.75, 6.00, 6.75, 6.50, 7.00, 4.25, 3.25, 5.75, 6.25, 6.50, 5.75, 7.00, 7.00, 5.50, 4.00, 6.00, 6.00, 7.25, 7.75, 8.25, 1
42.20, 20.10, 2, 412, 1, 1, 208, 208, 221, 1.04, -0.03, -0.15, 6.75, 6.50, 6.75, 7.25, 7.25, 7.25, 8.00, 8.00, 6.25, 6.00, 6.75, 6.50, 6.75, 6.25, 7.25, 7.25, 5.00, 4.75, 5.75, 6.50, 6.00, 6.75, 7.25, 7.50, 4.00, 4.50, 6.25, 6.25, 6.00, 6.75, 6.50, 7.00, 4.75, 3.75, 4.75, 5.75, 5.75, 6.75, 7.00, 7.25, 5.50, 4.00, 4.50, 5.75, 5.50, 6.50, 7.25, 6.50, 6.75, 5.00, 3.75, 6.00, 6.50, 6.75, 6.25, 6.75, 7.25, 6.50, 4.50, 6.25, 6.25, 7.25, 8.00, 8.50, 1
42.30, 20.10, 2, 401, 1, 1, 207, 208, 221, 1.04, -0.03, -0.16, 5.75, 6.50, 6.25, 6.75, 7.50, 7.25, 7.50, 7.75, 6.50, 6.75, 6.00, 6.00, 6.00, 6.75, 7.25, 6.75, 4.50, 4.50, 6.00, 6.50, 6.25, 6.75, 7.25, 7.25, 4.25, 4.25, 5.25, 6.00, 6.00, 6.75, 6.75, 6.25, 5.25, 3.50, 4.50, 5.75, 5.75, 6.50, 7.00, 7.25, 5.00, 3.75, 4.50, 5.75, 5.75, 6.25, 7.00, 7.00, 6.50, 5.00, 3.50, 6.25, 6.50, 6.75, 6.25, 7.00, 7.25, 5.25, 4.25, 6.00, 6.50, 6.50, 8.00, 7.75, 1
42.30, 20.10, 3, 402, 1, 1, 207, 208, 221, 1.04, -0.03, -0.16, 7.25, 7.25, 7.00, 6.75, 7.00, 7.50, 8.50, 8.50, 7.00, 6.75, 6.75, 6.50, 6.75, 6.25, 7.50, 7.00, 5.25, 4.50, 5.75, 6.00, 6.25, 6.75, 7.75, 7.00, 5.00, 4.50, 5.50, 6.25, 6.50, 7.25, 6.75, 6.50, 5.50, 4.00, 4.00, 5.75, 6.25, 7.25, 7.25, 7.25, 5.75, 3.50, 5.00, 5.50, 7.00, 6.75, 7.25, 6.25, 7.25, 4.50, 4.00, 5.75, 6.75, 6.50, 6.25, 7.25, 7.00, 6.00, 4.25, 5.50, 7.00, 7.25, 8.25, 8.75, 1
42.30, 20.10, 2, 413, 1, 1, 208, 208, 221, 1.03, -0.03, -0.16, 6.75, 7.00, 6.50, 7.00, 7.50, 7.75, 8.00, 8.25, 6.75, 7.00, 6.25, 6.75, 7.50, 7.00, 7.50, 8.00, 4.75, 5.25, 5.75, 7.00, 6.25, 6.50, 7.25, 7.75, 4.50, 4.50, 5.75, 6.50, 7.00, 7.00, 7.25, 6.75, 6.25, 4.50, 4.75, 6.25, 6.50, 7.00, 7.75, 8.25, 5.75, 4.25, 5.50, 6.25, 6.50, 7.00, 7.00, 7.25, 7.00, 4.75, 3.75, 6.00, 7.25, 7.00, 7.25, 7.50, 7.50, 6.25, 5.00, 6.00, 5.75, 6.25, 7.75, 8.75, 1
42.40, 20.10, 41, 397, 1, 1, 207, 208, 221, 1.04, -0.02, -0.15, 7.25, 7.00, 7.50, 7.75, 7.50, 8.00, 8.50, 8.25, 6.75, 6.75, 6.50, 6.50, 7.25, 7.25, 7.25, 7.50, 5.00, 4.75, 6.50, 7.00, 6.25, 6.50, 7.75, 7.50, 4.75, 4.50, 6.00, 6.00, 6.50, 7.00, 7.25, 7.25, 5.25, 4.00, 4.75, 6.25, 6.50, 7.25, 7.50, 7.50, 5.75, 3.75, 5.25, 6.25, 6.50, 7.00, 7.50, 7.75, 7.00, 4.25, 4.25, 6.25, 7.25, 7.00, 6.25, 7.50, 7.75, 6.00, 4.25, 5.50, 6.75, 7.25, 8.25, 8.75, 4
42.40, 20.10, 18, 403, 1, 1, 208, 209, 221, 1.04, -0.03, -0.17, 7.25, 7.25, 7.25, 7.25, 7.00, 7.25, 8.00, 8.75, 7.25, 6.75, 6.75, 6.75, 7.00, 6.50, 7.75, 7.75, 4.75, 5.25, 6.25, 7.00, 7.00, 6.75, 7.75, 6.75, 5.25, 4.50, 6.25, 6.50, 7.00, 7.50, 8.00, 6.75, 6.25, 4.75, 5.00, 6.25, 6.25, 7.00, 7.50, 7.75, 5.50, 4.00, 5.25, 5.75, 6.50, 6.75, 7.25, 7.25, 7.00, 5.00, 3.75, 6.25, 6.75, 7.50, 6.25, 7.25, 7.25, 6.25, 4.50, 6.50, 7.50, 7.00, 8.25, 8.75, 3
42.40, 20.10, 2, 410, 1, 1, 208, 208, 221, 1.04, -0.03, -0.15, 7.25, 7.75, 7.50, 6.50, 7.75, 7.75, 8.25, 8.25, 7.00, 6.75, 6.75, 6.75, 7.00, 7.00, 8.00, 7.50, 5.25, 5.00, 6.00, 7.00, 6.50, 7.00, 7.75, 8.00, 5.25, 4.75, 6.25, 6.25, 7.25, 7.75, 7.50, 7.00, 5.25, 4.50, 4.75, 6.50, 6.50, 7.25, 7.50, 7.75, 6.00, 4.00, 4.50, 6.00, 6.50, 7.50, 8.00, 7.50, 7.25, 4.75, 4.25, 6.00, 6.75, 7.00, 6.50, 7.00, 7.75, 6.00, 4.75, 5.75, 6.50, 7.00, 8.50, 7.75, 3
42.50, 20.00, 2, 399, 1, 1, 208, 208, 221, 1.04, -0.03, -0.15, 7.00, 7.25, 8.00, 8.00, 8.00, 8.25, 10.00, 8.75, 7.00, 7.50, 7.00, 7.25, 7.50, 7.25, 8.25, 7.75, 5.50, 5.25, 6.50, 7.50, 6.50, 7.00, 7.75, 8.00, 4.75, 4.75, 6.25, 6.50, 7.25, 8.00, 7.75, 7.75, 6.25, 4.25, 5.50, 6.50, 7.00, 7.75, 7.50, 8.25, 5.75, 4.75, 5.50, 6.50, 7.00, 6.75, 8.25, 7.75, 8.00, 6.00, 4.25, 6.00, 7.25, 8.00, 7.00, 6.75, 7.50, 6.00, 4.75, 6.25, 7.00, 7.00, 8.50, 8.50, 3
42.50, 20.00, 2, 402, 1, 1, 207, 208, 221, 1.04, -0.03, -0.16, 7.25, 7.50, 7.25, 7.50, 7.75, 7.75, 9.25, 8.75, 6.75, 7.00, 7.00, 7.25, 7.25, 7.25, 7.75, 8.00, 5.25, 5.25, 6.25, 6.75, 6.75, 7.25, 8.00, 7.25, 5.00, 4.75, 6.50, 6.50, 6.50, 7.50, 7.75, 7.25, 6.00, 4.00, 4.75, 6.00, 6.75, 7.00, 7.50, 8.00, 5.75, 4.25, 5.00, 6.00, 7.00, 7.25, 8.00, 7.75, 7.25, 4.75, 4.25, 6.50, 6.75, 7.50, 7.00, 6.75, 8.00, 6.25, 4.75, 6.25, 7.00, 7.75, 8.25, 9.00, 3
42.50, 20.00, 2, 411, 1, 1, 208, 208, 221, 1.04, -0.03, -0.15, 7.25, 7.00, 7.00, 7.00, 7.75, 8.25, 9.00, 8.50, 7.00, 7.25, 7.00, 7.50, 7.75, 7.50, 8.00, 7.25, 5.50, 5.25, 6.25, 7.50, 7.25, 7.50, 7.75, 8.00, 5.00, 4.50, 6.25, 6.75, 6.75, 7.75, 7.25, 7.50, 6.25, 3.75, 5.25, 6.75, 6.75, 7.25, 7.50, 8.00, 6.50, 4.50, 5.25, 6.00, 6.50, 7.75, 7.75, 7.25, 7.25, 4.75, 4.50, 6.50, 7.75, 7.25, 7.00, 7.50, 7.50, 6.25, 4.25, 6.25, 8.00, 7.00, 8.25, 8.50, 3
42.60, 20.00, 2, 395, 1, 1, 208, 208, 221, 1.04, -0.03, -0.16, 6.75, 7.50, 7.75, 7.25, 7.75, 7.75, 8.75, 9.25, 7.75, 7.25, 7.00, 7.25, 7.50, 7.75, 7.75, 7.50, 5.50, 5.25, 6.25, 7.50, 6.75, 7.50, 7.75, 8.00, 4.75, 4.75, 6.00, 6.25, 7.00, 7.50, 7.50, 7.50, 6.00, 4.50, 5.75, 6.50, 7.00, 7.75, 7.50, 8.00, 5.75, 4.25, 5.25, 6.00, 7.00, 7.00, 7.75, 7.00, 7.25, 4.75, 4.25, 7.00, 7.00, 7.50, 7.00, 7.25, 8.25, 6.75, 4.75, 6.25, 7.25, 8.00, 9.00, 8.50, 1
42.60, 20.00, 2, 402, 1, 1, 207, 208, 221, 1.05, -0.03, -0.15, 6.50, 7.00, 7.00, 7.25, 7.50, 7.75, 9.00, 8.25, 6.75, 7.00, 7.25, 7.00, 7.75, 7.50, 7.75, 7.50, 5.00, 5.50, 6.25, 6.75, 7.00, 6.75, 7.75, 7.50, 4.50, 5.00, 6.00, 7.00, 7.00, 7.50, 7.50, 7.25, 5.75, 4.50, 5.50, 6.50, 6.50, 7.00, 7.25, 8.00, 5.50, 4.00, 5.00, 6.25, 6.50, 7.00, 7.50, 7.50, 7.00, 5.00, 4.25, 7.00, 7.25, 7.25, 7.00, 6.25, 7.75, 6.00, 5.25, 6.50, 6.50, 6.75, 8.00, 7.75, 1
42.60, 20.00, 2, 412, 1, 1, 208, 208, 221, 1.04, -0.03, -0.16, 7.75, 8.00, 7.75, 8.00, 7.75, 8.00, 8.00, 8.50, 7.00, 7.50, 7.00, 6.50, 7.00, 7.50, 7.25, 7.75, 5.75, 6.25, 6.00, 7.25, 7.00, 7.25, 8.00, 7.75, 5.00, 4.50, 5.75, 6.50, 7.00, 7.25, 7.50, 7.25, 5.75, 4.25, 5.50, 6.75, 6.75, 7.25, 8.00, 7.75, 5.75, 4.25, 5.00, 6.00, 6.50, 7.50, 7.75, 7.25, 7.00, 4.75, 4.25, 6.50, 7.00, 7.00, 7.25, 7.50, 8.00, 5.50, 4.50, 6.75, 6.50, 7.25, 8.75, 8.25, 1
42.60, 19.90, 3, 401, 1, 1, 208, 208, 221, 1.05, -0.03, -0.17, 7.50, 7.75, 7.75, 8.00, 8.00, 8.50, 8.75, 8.75, 7.50, 8.00, 7.25, 7.00, 7.75, 7.75, 8.00, 8.25, 5.75, 5.50, 6.50, 7.75, 7.50, 7.50, 7.50, 8.75, 5.75, 5.00, 6.75, 7.25, 8.00, 7.75, 8.25, 7.25, 6.75, 4.75, 5.50, 7.00, 7.50, 7.75, 8.25, 7.75, 6.25, 5.00, 5.75, 6.25, 7.25, 7.75, 7.75, 7.50, 7.75, 5.50, 4.75, 6.50, 7.50, 8.00, 7.25, 7.75, 7.75, 6.50, 5.25, 6.50, 6.75, 7.75, 8.50, 8.50, 1
42.60, 19.90, 8, 397, 1, 1, 208, 208, 221, 1.05, -0.03, -0.16, 8.25, 8.50, 8.25, 8.50, 8.75, 9.00, 8.75, 9.25, 7.25, 8.25, 7.50, 8.00, 8.25, 8.00, 9.00, 8.75, 5.75, 6.50, 7.00, 7.75, 7.50, 8.00, 9.00, 9.25, 6.00, 5.25, 7.50, 7.75, 8.25, 8.25, 8.75, 8.25, 6.75, 5.25, 6.00, 7.75, 8.00, 8.00, 8.75, 9.25, 7.00, 5.50, 5.75, 7.00, 7.75, 8.00, 9.00, 8.25, 8.50, 5.75, 5.00, 7.25, 8.50, 8.25, 7.25, 7.75, 8.75, 7.00, 5.75, 7.25, 7.75, 8.25, 8.25, 9.75, 1
42.60, 19.90, 4, 412, 1, 1, 208, 208, 221, 1.05, -0.03, -0.15, 7.75, 8.00, 7.50, 7.75, 8.25, 8.50, 9.25, 8.75, 8.00, 7.75, 7.50, 7.00, 7.75, 8.25, 8.00, 7.75, 5.75, 5.75, 7.00, 7.75, 7.25, 7.75, 8.75, 8.25, 5.00, 5.25, 7.00, 7.00, 7.50, 7.75, 7.75, 7.50, 6.00, 4.75, 5.50, 6.50, 7.50, 7.50, 8.00, 8.00, 6.00, 4.75, 5.50, 6.50, 7.25, 7.25, 7.50, 7.25, 7.50, 5.50, 4.50, 6.25, 7.25, 7.50, 7.25, 7.25, 7.75, 6.00, 5.50, 6.25, 7.25, 7.50, 8.25, 9.00, 1
42.80, 19.90, 2, 407, 1, 1, 208, 208, 221, 1.03, -0.03, -0.15, 8.00, 7.75, 7.00, 7.50, 7.25, 8.00, 8.50, 8.50, 7.25, 7.25, 7.25, 7.25, 7.75, 7.75, 8.00, 7.75, 5.50, 5.25, 6.25, 7.00, 7.00, 7.25, 8.00, 8.00, 5.25, 4.75, 5.75, 7.00, 7.50, 7.75, 7.00, 7.25, 6.75, 4.50, 5.75, 6.25, 7.00, 7.50, 7.50, 8.00, 6.25, 4.00, 5.00, 6.75, 6.50, 6.75, 7.75, 7.25, 7.25, 5.00, 5.00, 6.25, 7.25, 7.00, 7.25, 7.50, 8.50, 6.00, 4.75, 6.25, 6.75, 6.50, 8.25, 8.50, 1
42.80, 19.90, 2, 400, 1, 1, 207, 208, 221, 1.04, -0.03, -0.16, 7.50, 7.25, 7.75, 7.50, 8.25, 8.00, 8.50, 8.75, 7.00, 7.25, 6.50, 7.00, 7.50, 8.00, 7.75, 7.75, 5.75, 5.50, 6.75, 7.25, 6.75, 7.50, 8.00, 8.00, 5.00, 4.75, 6.50, 7.00, 7.25, 8.00, 7.50, 7.00, 6.00, 4.50, 5.00, 6.50, 7.00, 7.25, 7.50, 8.75, 6.50, 4.25, 5.00, 6.00, 7.00, 7.00, 7.25, 7.25, 7.00, 4.75, 4.75, 6.50, 7.25, 7.50, 7.00, 7.50, 7.50, 6.50, 4.75, 6.25, 7.25, 7.25, 8.50, 8.75, 1
42.80, 19.90, 2, 411, 1, 1, 208, 209, 221, 1.04, -0.03, -0.15, 7.25, 7.75, 7.75, 8.00, 8.25, 8.25, 8.50, 9.00, 7.50, 7.75, 7.00, 7.00, 8.25, 7.25, 8.00, 7.75, 5.25, 5.75, 6.50, 7.25, 7.00, 7.75, 8.00, 8.25, 5.25, 5.00, 6.25, 6.75, 7.75, 7.50, 8.00, 7.50, 6.25, 4.75, 5.75, 6.75, 6.75, 7.50, 8.00, 7.50, 6.50, 4.50, 5.25, 6.50, 7.25, 7.00, 7.75, 7.75, 7.50, 5.50, 4.75, 6.25, 7.50, 7.75, 7.25, 8.00, 8.25, 6.75, 5.25, 6.50, 6.50, 8.00, 8.50, 9.00, 1
42.80, 19.90, 3, 412, 1, 1, 208, 208, 221, 1.04, -0.02, -0.15, 7.75, 7.25, 7.25, 7.75, 8.00, 8.00, 8.50, 8.50, 7.50, 7.75, 7.25, 7.00, 8.25, 7.50, 8.50, 7.75, 5.25, 6.00, 6.75, 7.25, 7.50, 7.50, 8.25, 7.50, 5.50, 5.25, 6.50, 7.00, 7.75, 7.75, 7.50, 7.75, 6.25, 5.00, 5.25, 6.50, 7.25, 7.25, 8.25, 8.00, 6.25, 4.75, 5.00, 6.00, 7.00, 6.75, 8.00, 7.00, 7.00, 5.50, 4.50, 6.75, 7.25, 7.75, 7.50, 8.00, 7.75, 6.50, 5.00, 6.50, 7.00, 7.25, 8.50, 9.25, 1
42.80, 19.90, 5, 397, 1, 1, 207, 208, 221, 1.04, -0.03, -0.16, 7.50, 7.25, 7.25, 7.50, 8.00, 8.50, 8.75, 9.25, 7.50, 7.25, 7.25, 7.25, 7.50, 8.00, 8.00, 8.25, 5.75, 6.00, 6.25, 7.75, 6.25, 7.75, 8.00, 8.00, 5.00, 5.25, 6.25, 7.00, 7.25, 7.50, 7.50, 7.75, 6.50, 4.50, 5.25, 6.50, 7.25, 7.25, 7.75, 8.25, 6.00, 3.75, 5.25, 6.25, 6.75, 7.00, 7.50, 7.25, 7.75, 5.00, 5.00, 6.50, 7.50, 7.50, 7.50, 7.50, 8.50, 6.50, 5.50, 6.50, 7.25, 7.75, 9.00, 9.25, 1
42.80, 19.90, 201, 400, 1, 1, 208, 208, 221, 1.03, -0.03, -0.16, 7.50, 7.25, 7.50, 8.75, 7.50, 8.00, 9.00, 9.75, 7.50, 7.00, 7.75, 7.00, 7.75, 7.25, 8.25, 8.00, 4.75, 5.25, 6.50, 7.00, 7.25, 7.50, 8.25, 8.75, 5.25, 5.25, 6.50, 7.00, 7.25, 7.25, 8.25, 7.75, 6.25, 5.25, 5.50, 7.25, 7.00, 7.75, 8.00, 8.25, 6.25, 4.25, 5.50, 6.50, 6.75, 7.75, 8.00, 8.00, 7.50, 5.25, 4.50, 6.50, 7.25, 7.50, 7.50, 8.00, 8.00, 6.25, 5.50, 6.50, 7.25, 7.75, 9.00, 9.50, 4
42.80, 19.80, 4, 406, 1, 1, 208, 208, 221, 1.04, -0.03, -0.15, 7.25, 8.00, 7.00, 7.50, 7.50, 8.00, 8.25, 9.75, 7.25, 7.25, 7.50, 7.25, 7.75, 7.50, 8.25, 8.25, 5.50, 5.25, 6.75, 8.00, 7.25, 7.50, 8.25, 8.25, 5.25, 5.75, 6.00, 7.00, 6.50, 7.75, 7.25, 7.75, 5.75, 5.00, 5.25, 6.75, 7.00, 7.50, 7.75, 8.50, 6.00, 4.50, 5.50, 6.75, 7.00, 7.50, 8.25, 7.50, 7.25, 5.00, 4.75, 7.00, 7.25, 7.50, 7.00, 8.00, 8.00, 7.00, 4.75, 6.75, 7.25, 7.25, 8.75, 9.00, 4
42.80, 19.80, 3, 394, 1, 1, 207, 208, 221, 1.04, -0.03, -0.15, 7.25, 7.25, 7.25, 7.25, 7.25, 8.50, 8.25, 8.75, 6.75, 7.00, 7.00, 6.75, 7.50, 7.25, 8.25, 7.50, 5.00, 5.25, 5.75, 7.25, 7.00, 7.50, 7.75, 7.50, 5.25, 4.75, 5.75, 7.00, 7.50, 7.50, 7.25, 7.50, 5.50, 4.50, 5.00, 6.25, 6.75, 6.75, 8.00, 8.50, 5.50, 4.00, 5.00, 6.00, 6.75, 6.75, 7.75, 7.75, 7.50, 4.75, 4.50, 6.50, 7.50, 7.25, 7.25, 7.25, 7.75, 5.75, 5.75, 6.50, 7.25, 7.50, 8.50, 9.00, 4
42.80, 19.80, 3, 404, 1, 1, 207, 208, 221, 1.04, -0.03, -0.15, 7.00, 7.25, 8.00, 7.00, 7.50, 7.50, 8.25, 9.00, 7.75, 7.50, 6.75, 6.75, 7.75, 7.00, 8.00, 8.00, 5.25, 5.25, 6.50, 7.00, 6.50, 7.25, 8.00, 7.50, 4.50, 4.50, 6.00, 6.50, 7.00, 8.00, 7.50, 7.50, 6.25, 4.25, 5.00, 6.25, 6.75, 7.25, 7.75, 8.00, 5.75, 4.25, 4.75, 6.25, 6.75, 7.25, 7.75, 7.50, 7.00, 4.75, 4.50, 6.25, 6.75, 7.25, 7.25, 7.75, 7.25, 6.75, 5.50, 6.25, 6.50, 7.25, 8.25, 8.50, 4
42.90, 19.80, 2, 411, 1, 1, 208, 208, 221, 1.04, -0.03, -0.16, 6.75, 7.25, 6.75, 7.75, 8.00, 8.00, 8.25, 9.25, 7.00, 7.50, 6.75, 7.00, 7.75, 7.50, 8.25, 7.75, 5.00, 4.75, 6.00, 7.00, 6.75, 7.50, 8.50, 8.00, 5.00, 5.00, 6.25, 6.75, 7.50, 7.75, 7.75, 8.00, 6.00, 4.50, 5.75, 6.50, 6.50, 7.50, 7.75, 8.25, 5.50, 4.25, 5.25, 6.25, 7.00, 7.50, 7.75, 8.00, 7.25, 5.00, 4.50, 6.50, 7.50, 7.50, 7.00, 7.25, 7.00, 6.00, 5.25, 6.50, 6.75, 8.00, 8.00, 8.00, 4
42.90, 19.80, 3, 397, 1, 1, 208, 208, 221, 1.04, -0.03, -0.16, 7.00, 7.75, 7.50, 7.25, 8.00, 8.25, 8.75, 9.00, 7.25, 7.00, 6.75, 7.50, 8.00, 7.50, 8.50, 8.00, 5.50, 5.25, 6.25, 7.25, 7.25, 7.50, 8.50, 8.00, 5.25, 5.00, 6.25, 7.00, 7.50, 7.75, 7.50, 7.25, 6.25, 4.50, 5.50, 6.50, 7.00, 7.00, 7.75, 8.25, 6.50, 4.25, 5.50, 6.50, 7.00, 7.00, 8.00, 7.75, 7.50, 5.00, 4.50, 6.50, 7.50, 7.75, 7.50, 7.75, 7.75, 6.75, 4.75, 6.75, 6.50, 7.50, 8.75, 8.75, 4
42.90, 19.80, 2, 399, 1, 1, 208, 208, 221, 1.04, -0.03, -0.16, 7.50, 7.50, 7.75, 8.00, 7.25, 8.00, 8.50, 9.25, 7.00, 7.00, 7.00, 7.25, 7.50, 7.75, 8.25, 8.00, 5.00, 4.75, 6.25, 6.75, 6.75, 7.25, 7.75, 7.50, 5.00, 5.00, 6.50, 7.00, 7.50, 7.75, 7.75, 7.00, 6.50, 4.75, 5.25, 6.50, 7.00, 7.25, 8.50, 8.50, 6.50, 4.75, 5.25, 6.50, 7.00, 7.75, 8.50, 7.75, 8.50, 5.00, 4.50, 7.00, 6.75, 7.75, 7.00, 7.75, 8.00, 6.50, 5.75, 7.00, 6.75, 7.50, 9.00, 9.25, 4
43.00, 19.70, 3, 412, 1, 1, 208, 208, 221, 1.05, -0.03, -0.15, 7.75, 8.00, 8.00, 7.75, 8.00, 8.25, 10.00, 9.50, 7.50, 7.75, 7.50, 7.50, 8.50, 8.00, 8.50, 8.75, 6.00, 6.00, 7.00, 7.75, 7.50, 8.00, 8.50, 8.50, 5.75, 5.25, 6.75, 7.25, 7.75, 8.00, 8.00, 8.25, 6.75, 5.00, 6.00, 6.75, 7.50, 7.50, 8.25, 8.50, 7.00, 5.25, 5.75, 6.75, 7.25, 8.00, 8.25, 7.75, 8.25, 5.25, 4.75, 7.25, 7.75, 7.75, 7.25, 8.50, 8.00, 7.00, 5.50, 6.75, 7.50, 7.50, 8.75, 9.25, 4
43.00, 19.70, 4, 394, 1, 1, 207, 208, 221, 1.04, -0.03, -0.15, 6.75, 8.00, 8.00, 7.75, 7.75, 8.25, 9.00, 9.50, 7.50, 7.50, 7.50, 7.25, 7.50, 7.75, 8.00, 8.50, 6.00, 5.75, 6.50, 7.50, 7.00, 7.75, 8.25, 9.00, 5.00, 5.25, 6.75, 7.25, 7.25, 8.50, 8.00, 7.75, 6.00, 4.75, 5.75, 6.75, 7.75, 7.50, 8.00, 8.75, 6.50, 4.50, 5.50, 6.75, 7.25, 7.75, 8.00, 8.00, 7.75, 5.25, 4.75, 6.75, 7.50, 7.50, 7.75, 8.00, 8.25, 6.75, 5.75, 7.25, 7.50, 7.50, 9.00, 9.25, 4
43.00, 19.70, 2, 405, 1, 0, 207, 208, 221, 1.04, -0.02, -0.17, 7.50, 7.75, 7.50, 7.50, 7.75, 8.00, 8.75, 9.00, 6.75, 7.25, 7.00, 7.50, 7.75, 7.75, 8.00, 8.00, 5.50, 6.00, 6.75, 7.50, 7.50, 7.50, 8.00, 8.25, 5.50, 5.00, 6.75, 7.00, 7.50, 8.00, 7.75, 7.75, 6.50, 5.00, 5.50, 6.75, 7.25, 7.50, 8.25, 8.50, 6.75, 4.75, 5.25, 6.25, 7.50, 7.25, 8.00, 7.00, 7.75, 5.50, 4.75, 6.75, 7.75, 7.75, 7.00, 7.00, 7.75, 6.50, 5.25, 7.25, 6.75, 7.50, 8.25, 9.50, 4
43.00, 19.70, 7, 406, 1, 0, 208, 208, 221, 1.04, -0.03, -0.16, 7.75, 7.25, 7.25, 7.50, 8.00, 8.00, 8.50, 8.50, 7.00, 7.00, 6.75, 7.00, 8.00, 7.75, 8.50, 7.75, 5.00, 5.50, 6.25, 7.00, 6.75, 7.50, 7.75, 7.75, 5.50, 5.50, 6.00, 6.50, 7.25, 7.50, 7.75, 7.25, 6.00, 4.25, 5.50, 6.50, 7.00, 7.50, 7.75, 8.00, 6.00, 4.75, 5.50, 6.00, 6.75, 7.50, 7.75, 7.75, 7.00, 4.75, 4.50, 6.50, 7.25, 7.25, 7.50, 7.75, 8.00, 6.75, 4.50, 6.25, 7.00, 7.75, 8.50, 9.50, 1
43.00, 19.70, 4, 395, 1, 0, 207, 208, 221, 1.04, -0.03, -0.16, 7.75, 7.25, 7.50, 7.50, 8.00, 8.00, 8.50, 8.75, 7.25, 7.25, 6.75, 7.00, 8.00, 8.00, 8.00, 8.00, 4.75, 5.75, 6.50, 7.50, 7.00, 7.25, 8.25, 8.25, 5.00, 5.00, 6.75, 7.25, 7.00, 8.00, 7.75, 7.25, 6.25, 4.50, 5.25, 6.50, 6.75, 7.25, 8.50, 8.50, 6.50, 4.00, 5.00, 6.25, 6.50, 7.00, 8.00, 8.00, 7.75, 5.50, 4.25, 7.25, 7.50, 8.00, 7.00, 7.25, 7.50, 6.25, 5.50, 6.50, 7.00, 8.00, 8.25, 9.00, 1
43.00, 19.70, 2, 407, 1, 0, 208, 208, 221, 1.04, -0.03, -0.16, 7.25, 7.25, 7.75, 7.75, 7.75, 8.00, 8.75, 9.00, 7.50, 7.75, 7.25, 7.00, 7.75, 8.00, 7.50, 8.25, 4.75, 5.75, 6.00, 7.50, 7.00, 7.25, 7.75, 8.25, 5.25, 5.00, 6.50, 6.50, 7.25, 7.50, 8.00, 7.25, 6.50, 4.00, 6.00, 6.25, 6.75, 7.25, 8.75, 8.00, 6.00, 4.75, 5.25, 6.00, 7.00, 7.50, 8.00, 7.50, 7.50, 5.25, 4.75, 6.75, 7.00, 7.50, 7.25, 7.50, 8.00, 7.00, 5.50, 6.75, 7.25, 7.75, 8.50, 9.00, 1
43.20, 19.70, 2, 408, 1, 0, 208, 208, 221, 1.04, -0.03, -0.16, 7.75, 7.50, 7.75, 8.00, 8.00, 8.50, 9.25, 9.50, 6.50, 7.75, 7.50, 7.50, 8.25, 7.25, 8.25, 8.50, 5.75, 5.75, 6.50, 7.25, 7.50, 7.50, 8.00, 8.25, 5.25, 5.50, 6.25, 6.75, 7.75, 7.75, 8.25, 8.00, 6.50, 4.25, 5.75, 7.25, 7.25, 7.75, 8.25, 8.50, 6.50, 4.50, 5.25, 6.75, 7.50, 7.50, 8.00, 7.75, 8.00, 5.25, 5.00, 7.25, 7.25, 7.75, 7.50, 7.75, 8.00, 7.00, 5.50, 6.75, 7.00, 8.25, 8.50, 9.00, 1
43.20, 19.70, 2, 397, 1, 0, 207, 208, 221, 1.04, -0.03, -0.15, 8.00, 8.00, 7.75, 8.25, 7.50, 8.50, 9.00, 9.00, 7.25, 7.25, 7.25, 7.25, 8.00, 7.75, 8.25, 8.00, 5.75, 6.00, 6.50, 7.25, 7.00, 7.75, 8.00, 8.50, 5.00, 5.25, 6.50, 6.50, 7.25, 8.25, 8.00, 7.50, 5.75, 4.75, 5.25, 6.50, 7.00, 7.50, 8.25, 8.00, 6.75, 4.50, 5.75, 6.50, 7.25, 7.50, 8.00, 7.50, 7.00, 5.75, 5.00, 7.00, 7.00, 7.50, 7.00, 7.75, 8.25, 6.50, 5.50, 6.25, 7.25, 7.50, 8.50, 8.75, 1
43.20, 19.70, 3, 403, 1, 0, 207, 208, 221, 1.04, -0.03, -0.16, 7.00, 8.00, 8.00, 8.25, 7.75, 8.25, 8.75, 9.75, 7.00, 7.50, 7.50, 7.25, 8.00, 7.50, 8.25, 8.50, 5.50, 5.50, 7.00, 7.25, 7.00, 7.00, 8.25, 8.25, 5.25, 5.00, 6.50, 6.75, 7.75, 7.75, 7.50, 7.50, 6.50, 4.75, 5.25, 6.75, 7.25, 7.75, 7.75, 8.25, 6.50, 5.00, 5.50, 6.75, 7.00, 7.75, 8.00, 8.25, 8.00, 5.25, 4.50, 6.50, 7.50, 7.75, 7.25, 7.75, 8.50, 7.00, 5.75, 6.50, 7.50, 7.75, 8.50, 8.75, 1
43.20, 19.60, 3, 414, 1, 0, 208, 208, 221, 1.04, -0.02, -0.16, 8.00, 8.00, 7.75, 8.50, 8.75, 9.00, 9.00, 9.50, 8.00, 8.00, 7.75, 8.00, 8.25, 8.50, 9.00, 8.25, 5.75, 6.50, 7.25, 8.00, 7.50, 7.75, 9.00, 8.00, 5.50, 5.50, 6.75, 7.50, 8.25, 8.25, 8.50, 8.00, 6.75, 5.25, 6.25, 7.25, 7.00, 8.50, 8.50, 8.75, 7.00, 5.25, 6.00, 7.25, 7.25, 7.50, 8.50, 8.75, 7.75, 6.25, 5.00, 7.25, 7.50, 7.75, 8.00, 7.75, 8.25, 7.25, 6.25, 6.75, 7.75, 7.50, 9.25, 9.00, 1
43.20, 19.60, 2, 400, 1, 0, 208, 208, 221, 1.04, -0.03, -0.15, 7.75, 8.25, 8.25, 8.50, 8.75, 8.75, 9.25, 9.50, 8.25, 7.75, 8.00, 8.25, 8.25, 8.25, 8.50, 8.75, 6.00, 6.50, 7.25, 8.00, 7.50, 8.00, 8.75, 8.75, 5.25, 5.75, 7.25, 7.50, 7.50, 8.50, 8.00, 8.00, 7.00, 4.75, 6.00, 7.50, 8.00, 8.25, 9.25, 8.50, 6.75, 5.50, 6.50, 7.50, 7.75, 8.25, 8.75, 8.25, 8.00, 6.25, 5.00, 7.25, 7.25, 8.50, 8.00, 8.00, 9.00, 7.50, 6.00, 7.25, 7.50, 8.00, 8.50, 9.50, 1
43.20, 19.60, 3, 403, 1, 0, 208, 208, 221, 1.04, -0.03, -0.16, 8.25, 8.00, 8.25, 8.50, 8.25, 8.25, 9.75, 9.00, 7.50, 8.75, 7.75, 7.75, 8.25, 8.25, 8.75, 8.75, 5.25, 6.00, 7.25, 7.75, 7.25, 8.25, 8.75, 8.25, 5.50, 5.25, 7.50, 7.50, 8.00, 8.25, 8.00, 8.00, 6.75, 5.00, 6.00, 7.50, 7.25, 8.25, 8.50, 9.25, 7.00, 4.75, 6.00, 6.50, 7.75, 8.00, 8.25, 8.00, 8.00, 5.50, 4.75, 7.00, 7.50, 8.50, 7.75, 8.25, 8.00, 6.25, 5.75, 7.00, 7.75, 8.00, 9.00, 9.00, 1
43.30, 19.60, 2, 411, 1, 0, 208, 208, 221, 1.04, -0.03, -0.15, 8.00, 7.75, 8.25, 8.25, 8.00, 8.50, 9.00, 9.50, 7.25, 8.00, 7.75, 8.00, 8.75, 8.25, 8.50, 8.75, 5.75, 6.00, 6.50, 8.00, 7.50, 7.75, 8.25, 8.25, 6.25, 5.50, 7.25, 8.00, 8.25, 8.50, 8.50, 7.75, 6.75, 5.25, 6.00, 7.00, 8.00, 7.75, 8.50, 8.50, 7.00, 5.50, 6.00, 6.75, 7.25, 7.75, 8.50, 8.25, 8.25, 5.25, 5.25, 7.25, 7.50, 8.75, 7.25, 7.50, 8.25, 7.00, 5.25, 6.75, 7.50, 7.75, 8.25, 9.50, 1
43.30, 19.60, 3, 396, 1, 0, 208, 208, 221, 1.03, -0.02, -0.16, 8.25, 8.75, 8.50, 8.50, 9.25, 8.75, 10.00, 9.75, 8.50, 8.25, 8.00, 8.50, 8.50, 9.00, 8.50, 9.00, 6.75, 6.75, 7.25, 8.50, 7.75, 8.50, 9.50, 9.00, 6.25, 5.75, 7.75, 7.50, 8.25, 8.50, 8.50, 8.50, 7.00, 5.75, 6.50, 7.75, 8.00, 8.25, 9.25, 9.25, 7.25, 5.50, 6.00, 7.25, 8.00, 8.50, 9.25, 9.00, 8.00, 6.75, 5.25, 7.00, 8.00, 8.75, 8.25, 8.75, 7.75, 7.00, 5.50, 7.25, 7.75, 8.25, 8.75, 9.75, 1
43.30, 19.60, 480, 400, 1, 0, 207, 208, 221, 1.04, -0.03, -0.18, 8.75, 8.25, 8.75, 8.75, 8.50, 9.25, 10.00, 9.75, 8.00, 8.25, 8.00, 8.25, 8.25, 9.00, 9.00, 9.00, 6.50, 7.00, 7.75, 8.75, 8.25, 8.50, 8.75, 9.25, 6.00, 6.50, 8.00, 8.25, 8.50, 9.00, 8.75, 8.75, 7.00, 6.00, 6.50, 7.75, 8.25, 9.25, 8.75, 9.25, 7.50, 5.50, 7.25, 7.25, 8.50, 8.25, 9.50, 8.25, 8.75, 6.25, 5.75, 7.75, 8.25, 8.75, 8.00, 8.50, 8.25, 6.75, 6.00, 8.00, 7.75, 8.75, 9.25, 9.75, 3
43.40, 19.50, 3, 404, 1, 0, 208, 208, 221, 1.04, -0.03, -0.16, 8.25, 8.75, 9.00, 9.00, 9.25, 9.25, 9.75, 9.75, 8.25, 8.75, 8.00, 8.75, 8.75, 9.00, 9.50, 8.75, 6.50, 6.75, 8.00, 8.50, 8.50, 8.50, 9.00, 9.50, 6.25, 6.25, 7.50, 8.50, 9.00, 9.25, 9.25, 8.75, 7.00, 6.25, 6.75, 8.00, 8.25, 8.75, 9.25, 9.50, 7.00, 6.25, 7.00, 8.50, 8.50, 8.00, 9.00, 8.75, 9.00, 6.25, 6.25, 8.25, 8.00, 9.00, 8.25, 8.75, 8.50, 7.25, 6.25, 7.75, 8.25, 8.50, 9.75, 9.50, 3
43.40, 19.50, 3, 394, 1, 1, 208, 208, 221, 1.04, -0.02, -0.15, 8.50, 8.50, 8.75, 9.00, 8.75, 9.00, 9.75, 10.50, 8.75, 8.50, 8.25, 8.75, 9.00, 8.50, 9.25, 9.25, 6.50, 6.50, 7.75, 8.00, 8.00, 8.50, 9.25, 9.00, 6.25, 6.50, 7.75, 8.00, 8.50, 9.25, 8.75, 8.25, 6.75, 6.00, 6.50, 8.00, 8.25, 8.75, 9.25, 9.25, 7.50, 5.75, 6.50, 7.50, 8.75, 8.50, 9.50, 8.75, 8.75, 6.50, 5.75, 8.25, 8.75, 8.75, 8.25, 8.75, 8.25, 7.50, 6.50, 8.00, 8.25, 9.00, 8.75, 10.00, 3
43.40, 19.50, 2, 411, 1, 1, 208, 208, 221, 1.04, -0.03, -0.16, 8.25, 8.50, 8.75, 8.25, 9.00, 9.00, 10.00, 10.25, 8.50, 7.75, 8.25, 8.25, 8.75, 8.25, 9.50, 8.25, 6.25, 6.50, 7.50, 8.25, 8.25, 8.75, 9.50, 9.25, 6.50, 6.25, 7.50, 8.00, 8.50, 8.75, 9.50, 9.00, 7.25, 5.50, 6.75, 8.00, 8.00, 8.75, 9.00, 9.75, 7.50, 6.00, 6.25, 7.50, 8.25, 8.25, 9.50, 8.75, 8.50, 6.00, 5.25, 7.25, 8.75, 8.25, 8.50, 8.25, 8.75, 7.75, 6.00, 7.25, 8.50, 8.50, 9.25, 9.75, 3
43.50, 19.50, 2, 394, 1, 1, 208, 208, 221, 1.04, -0.03, -0.15, 7.75, 8.50, 8.75, 9.00, 8.75, 9.00, 9.50, 9.75, 8.50, 8.00, 8.25, 8.00, 8.25, 8.75, 9.00, 9.00, 6.50, 7.00, 7.25, 8.25, 7.75, 7.75, 9.00, 9.00, 6.00, 6.50, 7.25, 8.00, 8.25, 9.00, 8.75, 8.75, 7.00, 5.75, 6.50, 8.25, 8.25, 8.50, 8.50, 9.50, 7.75, 5.50, 5.75, 7.50, 8.00, 8.25, 9.00, 8.75, 8.25, 6.25, 6.00, 7.75, 8.25, 8.50, 8.50, 8.75, 9.00, 7.25, 5.75, 7.50, 8.50, 8.50, 9.00, 9.25, 3
43.50, 19.50, 2, 403, 1, 1, 207, 208, 221, 1.05, -0.03, -0.15, 8.25, 8.25, 8.25, 8.25, 8.50, 8.50, 9.00, 9.25, 7.50, 8.00, 7.75, 8.25, 8.00, 8.00, 8.75, 8.75, 6.00, 6.25, 7.25, 8.25, 7.75, 7.50, 8.50, 9.00, 5.75, 5.50, 7.00, 7.50, 8.00, 8.25, 7.75, 8.25, 6.50, 4.75, 6.50, 7.50, 7.75, 8.25, 8.25, 9.00, 6.75, 5.25, 6.25, 7.00, 7.75, 8.25, 8.25, 8.50, 8.25, 5.50, 5.25, 7.00, 8.00, 8.25, 7.50, 8.25, 8.50, 7.00, 5.50, 7.75, 7.00, 8.00, 9.25, 8.75, 3
43.50, 19.50, 3, 410, 1, 1, 208, 208, 221, 1.04, -0.03, -0.16, 7.25, 7.25, 7.50, 7.75, 8.00, 8.75, 8.75, 9.00, 7.75, 7.75, 7.00, 7.25, 8.25, 7.25, 8.75, 8.00, 6.00, 6.00, 7.00, 7.50, 7.50, 8.00, 8.50, 8.75, 5.75, 5.75, 6.75, 7.25, 7.50, 8.25, 7.75, 8.25, 6.50, 4.75, 5.75, 7.25, 7.00, 8.00, 8.00, 8.75, 7.00, 4.50, 5.75, 6.75, 7.00, 7.50, 8.25, 8.25, 7.75, 6.00, 4.50, 6.50, 8.00, 8.00, 8.00, 8.00, 8.25, 6.75, 5.25, 6.50, 7.50, 7.50, 8.50, 9.50, 3
43.60, 19.40, 3, 394, 1, 1, 207, 208, 221, 1.04, -0.03, -0.16, 7.25, 8.00, 7.50, 7.75, 8.25, 8.25, 8.50, 9.75, 7.50, 8.00, 6.75, 7.50, 8.00, 8.25, 8.25, 8.00, 5.75, 5.75, 6.50, 7.50, 7.25, 7.50, 8.00, 8.25, 5.25, 5.50, 6.50, 6.75, 7.25, 7.25, 8.00, 7.50, 6.75, 4.75, 5.75, 7.00, 7.25, 7.25, 7.75, 8.25, 6.75, 5.00, 6.25, 7.00, 7.25, 7.75, 8.25, 7.50, 7.75, 5.75, 4.75, 6.75, 7.00, 7.75, 7.50, 7.75, 8.00, 5.75, 5.25, 6.50, 8.00, 7.75, 9.25, 9.50, 3
43.60, 19.40, 2, 397, 1, 1, 207, 208, 221, 1.04, -0.03, -0.17, 7.25, 7.25, 7.50, 8.25, 7.75, 8.00, 8.75, 9.50, 7.50, 8.00, 7.50, 8.00, 8.25, 8.00, 7.75, 8.25, 5.25, 5.75, 6.50, 7.25, 6.75, 7.25, 8.50, 7.75, 5.00, 4.50, 6.25, 6.75, 7.00, 7.50, 7.50, 7.25, 6.00, 4.00, 5.25, 6.25, 6.25, 7.50, 8.00, 7.75, 6.25, 4.50, 5.00, 6.50, 7.00, 7.25, 8.25, 7.75, 7.75, 5.50, 4.50, 6.00, 7.00, 7.50, 7.25, 8.25, 8.00, 6.25, 5.00, 6.50, 7.00, 7.75, 9.75, 9.25, 3
43.60, 19.40, 2, 410, 1, 1, 208, 208, 221, 1.04, -0.03, -0.16, 7.25, 7.25, 7.00, 7.75, 7.75, 8.00, 8.25, 8.25, 7.50, 7.00, 7.00, 6.50, 6.75, 7.00, 7.75, 7.75, 4.75, 5.50, 6.25, 7.00, 6.75, 6.75, 7.25, 7.25, 4.50, 4.75, 6.00, 6.25, 6.50, 7.50, 7.25, 7.00, 6.25, 4.25, 5.50, 6.50, 6.50, 7.25, 7.75, 7.25, 6.00, 4.00, 4.50, 6.25, 6.25, 7.00, 7.75, 7.00, 7.50, 4.75, 4.75, 6.25, 6.75, 7.25, 6.75, 7.50, 7.50, 6.50, 4.75, 6.50, 6.25, 7.75, 7.75, 8.25, 3
43.80, 19.40, 3, 399, 1, 1, 208, 208, 221, 1.04, -0.03, -0.16, 7.00, 7.25, 6.75, 7.75, 7.25, 7.25, 8.25, 8.00, 6.50, 6.75, 6.50, 7.00, 7.00, 6.75, 7.50, 7.50, 5.00, 5.00, 6.00, 6.50, 6.00, 6.50, 7.50, 7.25, 4.75, 4.25, 6.25, 6.00, 6.75, 6.50, 7.50, 7.25, 5.75, 3.75, 4.75, 6.00, 6.75, 7.25, 7.25, 7.75, 6.00, 4.00, 5.00, 5.75, 6.75, 6.50, 7.25, 7.00, 6.75, 5.00, 3.25, 6.00, 6.50, 7.00, 6.75, 7.25, 7.25, 6.25, 4.50, 6.75, 6.75, 6.75, 7.75, 8.00, 1
43.80, 19.40, 3, 397, 1, 1, 207, 208, 221, 1.04, -0.02, -0.15, 6.75, 6.00, 6.50, 7.25, 7.50, 7.75, 7.75, 8.25, 6.75, 7.00, 6.50, 6.50, 7.00, 7.25, 7.75, 7.50, 4.75, 5.00, 5.75, 6.50, 6.25, 6.75, 7.25, 7.75, 5.25, 4.75, 6.00, 6.25, 7.00, 7.50, 7.75, 6.75, 5.75, 4.25, 5.00, 6.00, 6.75, 7.00, 7.50, 7.50, 6.25, 4.00, 5.25, 6.00, 6.75, 7.00, 7.75, 7.25, 7.50, 4.75, 4.25, 5.50, 7.00, 7.50, 6.75, 6.75, 7.50, 6.25, 4.50, 6.00, 7.25, 7.25, 8.50, 8.50, 1
43.80, 19.40, 3, 410, 1, 1, 208, 209, 221, 1.04, -0.02, -0.15, 6.75, 7.50, 7.50, 7.25, 6.75, 8.25, 8.00, 8.00, 6.25, 7.25, 6.50, 6.50, 6.75, 7.25, 7.50, 7.00, 5.00, 5.50, 6.00, 6.75, 6.50, 6.75, 7.25, 7.75, 5.25, 4.75, 6.25, 6.50, 6.50, 7.00, 7.00, 7.25, 5.75, 4.00, 4.75, 6.00, 6.50, 7.25, 7.25, 8.00, 6.25, 3.75, 5.00, 5.50, 6.25, 7.00, 7.50, 7.00, 7.50, 4.75, 4.50, 5.75, 6.75, 7.00, 6.75, 7.50, 7.75, 6.25, 4.75, 7.00, 6.75, 7.00, 8.25, 8.25, 1
44.00, 19.40, 6, 398, 1, 1, 208, 208, 221, 1.04, -0.03, -0.16, 6.75, 7.25, 7.75, 7.75, 7.25, 8.25, 8.75, 8.50, 7.00, 6.75, 7.00, 7.00, 7.25, 7.25, 8.50, 7.75, 5.50, 5.00, 6.25, 7.25, 6.50, 6.50, 7.75, 7.50, 5.50, 5.00, 6.00, 6.75, 6.75, 7.50, 7.25, 7.00, 6.25, 4.75, 5.25, 6.50, 6.50, 7.25, 7.50, 8.00, 6.00, 4.25, 5.50, 6.50, 6.50, 7.25, 7.75, 7.00, 7.25, 5.50, 4.25, 6.25, 7.50, 7.50, 7.00, 8.00, 8.25, 6.25, 4.50, 6.50, 7.00, 7.50, 8.25, 9.00, 1
44.00, 19.40, 7, 394, 1, 1, 207, 208, 221, 1.04, -0.03, -0.16, 7.25, 8.25, 7.25, 7.25, 8.00, 8.00, 8.50, 9.00, 7.75, 7.75, 7.50, 7.75, 8.00, 7.75, 8.25, 7.50, 5.75, 6.00, 7.00, 7.50, 7.25, 8.00, 8.25, 8.50, 5.25, 5.00, 7.00, 7.00, 7.50, 7.75, 8.00, 7.75, 6.00, 4.50, 6.00, 7.25, 7.00, 7.75, 8.00, 8.50, 5.75, 4.50, 6.00, 6.75, 7.25, 7.50, 8.25, 7.25, 7.75, 5.50, 4.00, 7.00, 7.50, 7.25, 7.50, 8.25, 8.50, 7.00, 5.00, 6.75, 7.75, 7.50, 8.75, 9.25, 1
44.00, 19.40, 2, 408, 1, 1, 208, 208, 221, 1.04, -0.02, -0.16, 8.00, 8.50, 8.25, 8.50, 8.00, 8.50, 9.25, 9.75, 7.75, 7.75, 8.00, 8.25, 8.75, 8.25, 8.75, 8.50, 6.75, 6.50, 7.25, 8.50, 7.25, 7.75, 9.00, 8.25, 5.50, 5.75, 7.25, 7.50, 8.50, 8.00, 8.50, 7.75, 6.75, 5.75, 6.25, 7.50, 7.75, 8.25, 8.75, 8.75, 6.50, 5.75, 6.00, 7.50, 7.50, 8.50, 8.75, 8.00, 8.00, 6.00, 5.25, 7.50, 7.75, 8.50, 7.50, 8.25, 8.75, 6.75, 6.50, 6.50, 8.00, 7.75, 9.00, 9.25, 1
44.10, 19.30, 2, 407, 1, 1, 208, 208, 221, 1.04, -0.03, -0.15, 8.25, 7.75, 8.50, 8.75, 8.75, 9.25, 9.50, 9.75, 7.75, 8.00, 8.00, 8.00, 8.75, 8.00, 8.75, 9.00, 5.75, 6.25, 7.50, 8.25, 8.00, 8.25, 9.25, 8.75, 6.25, 6.00, 7.25, 7.50, 8.50, 8.50, 9.25, 8.75, 7.00, 5.25, 6.50, 7.50, 8.00, 8.00, 8.75, 8.25, 6.75, 5.50, 6.75, 7.00, 8.00, 8.25, 9.00, 8.50, 8.00, 6.00, 5.00, 7.25, 8.50, 8.50, 8.00, 8.75, 8.00, 7.50, 6.00, 7.50, 8.00, 8.25, 8.75, 9.75, 1
44.10, 19.30, 3, 398, 1, 1, 208, 208, 221, 1.04, -0.03, -0.16, 7.50, 8.50, 8.00, 8.25, 8.50, 8.25, 9.75, 10.00, 8.25, 8.00, 8.25, 8.50, 8.25, 9.00, 9.00, 9.00, 6.00, 6.00, 7.75, 8.50, 8.00, 8.25, 9.75, 8.75, 6.25, 5.75, 7.25, 8.00, 8.25, 9.00, 9.00, 8.50, 7.25, 6.00, 6.25, 7.25, 8.00, 8.75, 9.25, 9.25, 7.00, 6.00, 6.00, 7.50, 8.25, 8.25, 8.75, 8.00, 8.50, 6.25, 6.00, 7.75, 8.50, 8.75, 8.75, 9.00, 8.50, 7.00, 6.00, 7.25, 7.25, 8.25, 9.75, 9.00, 1
44.10, 19.30, 2, 414, 1, 1, 208, 209, 221, 1.04, -0.03, -0.15, 8.25, 7.75, 8.25, 8.25, 9.00, 8.75, 9.25, 9.75, 7.75, 8.00, 7.75, 8.50, 8.50, 8.25, 8.50, 9.00, 5.75, 6.50, 7.25, 8.25, 8.00, 8.50, 8.75, 8.50, 5.75, 6.00, 7.25, 7.50, 8.50, 8.50, 8.75, 8.25, 7.25, 5.50, 6.50, 7.75, 8.00, 8.50, 8.75, 9.50, 7.25, 5.50, 6.25, 7.25, 7.75, 8.50, 9.25, 8.25, 8.25, 6.25, 5.75, 7.75, 8.25, 8.50, 7.75, 9.00, 8.75, 7.75, 6.50, 7.25, 8.50, 8.50, 10.50, 8.75, 1
44.20, 19.30, 4, 402, 1, 1, 208, 208, 220, 1.04, -0.03, -0.16, 7.75, 8.00, 8.50, 8.25, 8.50, 8.75, 9.25, 10.00, 8.00, 7.75, 8.25, 8.25, 8.00, 8.50, 9.25, 8.75, 5.75, 6.25, 7.25, 8.25, 7.50, 8.50, 8.75, 9.00, 5.75, 5.75, 7.25, 7.50, 8.25, 8.50, 8.75, 8.50, 7.25, 5.50, 6.25, 8.25, 8.25, 8.50, 8.75, 9.25, 7.25, 5.25, 6.50, 7.00, 7.75, 8.25, 8.75, 8.50, 8.00, 6.50, 5.50, 7.50, 7.75, 8.50, 8.50, 8.75, 8.25, 7.25, 5.50, 7.50, 8.25, 8.75, 9.25, 9.75, 1
44.20, 19.30, 2, 397, 1, 1, 208, 208, 221, 1.05, -0.03, -0.16, 8.50, 9.00, 8.25, 8.75, 8.75, 8.75, 9.50, 10.50, 7.25, 8.00, 7.00, 8.50, 8.50, 8.50, 8.75, 9.00, 6.25, 7.25, 7.25, 8.50, 7.75, 8.75, 8.50, 8.75, 5.50, 6.00, 7.25, 7.50, 8.00, 8.25, 8.50, 8.25, 7.25, 5.25, 6.75, 7.50, 8.00, 8.25, 9.00, 8.75, 7.25, 5.50, 6.25, 7.00, 7.75, 8.00, 8.50, 8.75, 8.50, 6.00, 5.00, 7.50, 8.25, 8.50, 8.25, 8.75, 8.50, 7.25, 6.50, 7.50, 7.50, 8.00, 9.00, 9.75, 1
44.20, 19.30, 2, 407, 1, 1, 208, 208, 221, 1.04, -0.03, -0.16, 8.00, 8.75, 8.50, 9.00, 8.75, 9.25, 9.00, 10.25, 8.50, 8.25, 8.00, 8.25, 8.75, 8.50, 9.50, 8.75, 6.50, 7.00, 7.75, 8.25, 8.25, 8.25, 9.00, 9.25, 6.00, 5.50, 7.50, 8.00, 8.75, 9.00, 9.50, 8.75, 6.50, 5.75, 6.75, 8.25, 8.25, 8.75, 9.00, 9.25, 7.50, 6.25, 6.75, 7.75, 7.75, 8.75, 9.00, 9.25, 7.75, 6.50, 5.25, 8.25, 8.50, 9.25, 8.25, 9.00, 8.75, 7.25, 5.75, 8.00, 8.00, 8.50, 9.00, 9.75, 1
44.40, 19.30, 2, 408, 1, 1, 208, 208, 221, 1.04, -0.02, -0.15, 8.50, 9.00, 8.75, 8.75, 9.25, 9.75, 10.00, 10.25, 8.00, 8.75, 8.50, 8.50, 9.25, 9.00, 9.50, 9.00, 7.00, 7.00, 7.75, 8.75, 8.50, 9.00, 9.25, 9.25, 6.75, 7.00, 8.25, 8.75, 8.75, 8.75, 9.25, 9.50, 7.50, 5.75, 7.25, 8.00, 8.50, 8.75, 9.25, 10.00, 7.75, 6.50, 6.75, 8.00, 8.25, 9.00, 9.25, 9.25, 9.25, 6.25, 6.25, 8.25, 8.25, 9.00, 9.00, 8.75, 9.50, 8.25, 6.75, 8.25, 8.00, 8.50, 9.50, 9.75, 1
44.40, 19.30, 7, 395, 1, 1, 207, 208, 221, 1.04, -0.02, -0.16, 8.75, 9.00, 9.00, 9.50, 8.75, 9.00, 9.75, 10.50, 8.75, 9.00, 9.00, 8.75, 8.50, 9.00, 9.50, 9.75, 7.00, 7.25, 8.00, 9.00, 8.75, 9.00, 9.25, 9.75, 6.75, 7.00, 8.00, 8.50, 9.00, 9.50, 9.50, 9.25, 7.75, 6.00, 7.50, 8.00, 8.25, 9.00, 9.50, 9.75, 7.75, 6.25, 7.00, 8.25, 8.75, 8.75, 9.50, 10.00, 9.00, 6.75, 5.25, 8.00, 8.25, 9.00, 8.75, 9.25, 9.50, 7.75, 7.00, 8.00, 8.75, 8.25, 9.75, 10.00, 1
44.40, 19.30, 9, 411, 1, 1, 208, 208, 221, 1.04, -0.03, -0.15, 8.75, 9.25, 9.00, 9.50, 9.25, 9.75, 10.25, 10.50, 8.75, 8.50, 8.75, 8.75, 9.00, 8.50, 9.50, 9.25, 6.75, 6.75, 8.00, 9.00, 8.50, 9.00, 9.00, 9.25, 7.00, 6.50, 8.25, 8.25, 8.75, 9.75, 9.25, 8.75, 7.00, 6.25, 7.50, 8.50, 8.50, 9.25, 9.75, 9.75, 7.50, 6.75, 7.25, 8.00, 8.75, 9.00, 9.50, 8.75, 8.75, 6.75, 6.25, 8.50, 8.50, 8.75, 9.00, 9.00, 9.25, 7.00, 7.00, 7.75, 8.25, 8.50, 10.00, 9.75, 1
44.50, 19.30, 2, 393, 1, 1, 208, 208, 221, 1.04, -0.04, -0.15, 8.75, 9.25, 8.75, 9.50, 9.25, 9.25, 10.25, 10.00, 8.75, 9.00, 8.25, 9.25, 9.00, 9.00, 9.25, 9.25, 6.75, 7.00, 8.00, 8.50, 8.25, 9.00, 9.25, 9.00, 7.00, 6.25, 8.25, 8.25, 9.00, 9.25, 9.50, 9.50, 7.00, 6.00, 7.50, 8.25, 8.50, 9.75, 9.50, 10.00, 7.25, 6.00, 6.75, 8.25, 8.75, 8.75, 9.25, 9.50, 8.75, 7.00, 6.00, 8.00, 9.00, 8.50, 9.00, 9.00, 9.75, 8.00, 6.75, 8.25, 9.25, 9.00, 9.50, 10.75, 1
44.50, 19.30, 2, 408, 1, 1, 208, 208, 221, 1.04, -0.03, -0.16, 8.25, 9.00, 8.75, 9.25, 9.25, 9.50, 9.75, 10.75, 8.50, 9.00, 8.50, 8.50, 9.25, 8.75, 9.75, 10.00, 6.75, 7.25, 8.00, 9.00, 8.50, 8.75, 9.50, 9.50, 6.75, 6.50, 8.00, 8.00, 8.75, 9.25, 9.00, 9.50, 7.75, 6.00, 7.00, 8.25, 8.50, 8.75, 8.75, 9.75, 7.50, 6.00, 6.75, 7.50, 8.50, 8.50, 9.50, 9.75, 8.50, 6.75, 6.00, 7.75, 8.75, 9.25, 8.75, 9.50, 9.25, 7.75, 6.25, 8.00, 7.75, 9.50, 9.50, 10.25, 1
44.50, 19.30, 2, 399, 1, 1, 208, 208, 221, 1.04, -0.02, -0.16, 8.25, 9.00, 9.00, 8.50, 9.25, 9.00, 9.25, 10.25, 8.50, 8.75, 8.50, 9.00, 9.25, 9.00, 9.00, 9.50, 6.50, 6.75, 7.75, 8.50, 8.50, 8.25, 9.50, 9.50, 6.50, 6.75, 7.75, 8.00, 9.00, 9.25, 9.75, 9.25, 7.50, 6.00, 7.25, 8.25, 8.75, 9.00, 9.50, 9.50, 7.50, 6.00, 6.50, 8.25, 8.75, 9.00, 9.25, 8.50, 8.75, 6.25, 5.75, 8.25, 9.00, 9.25, 8.50, 8.50, 9.25, 7.50, 6.25, 8.00, 8.75, 8.50, 9.50, 10.50, 1
44.60, 19.20, 2, 398, 1, 1, 207, 208, 221, 1.04, -0.03, -0.15, 7.75, 8.25, 7.50, 9.00, 8.75, 9.25, 8.75, 10.50, 8.25, 8.25, 8.25, 8.25, 8.75, 8.00, 9.00, 8.75, 7.00, 6.50, 7.75, 8.50, 8.25, 8.00, 9.00, 8.75, 6.25, 6.50, 7.25, 8.00, 9.00, 8.50, 9.25, 8.75, 7.00, 5.75, 6.50, 7.75, 8.00, 8.50, 9.00, 9.25, 7.50, 5.50, 6.25, 7.50, 8.00, 8.00, 9.50, 8.50, 8.50, 6.50, 5.75, 7.25, 8.25, 8.75, 8.00, 8.75, 9.50, 7.00, 6.50, 8.00, 8.25, 9.00, 9.75, 9.75, 1
44.60, 19.20, 2, 409, 1, 1, 208, 208, 221, 1.04, -0.03, -0.16, 8.00, 8.75, 8.00, 8.75, 8.75, 8.75, 9.00, 9.75, 7.75, 8.25, 8.25, 8.25, 8.50, 8.25, 8.50, 9.00, 6.00, 6.00, 7.25, 8.00, 7.75, 8.25, 8.25, 9.00, 5.75, 5.75, 7.00, 7.50, 7.75, 8.75, 8.75, 8.50, 7.25, 5.25, 6.75, 8.00, 7.50, 8.50, 8.75, 9.25, 6.75, 5.50, 6.00, 7.25, 7.75, 8.75, 8.75, 9.50, 8.25, 5.50, 5.25, 7.50, 8.00, 9.00, 8.25, 8.25, 8.50, 7.75, 6.25, 7.50, 8.00, 8.00, 9.50, 9.75, 1
44.60, 19.20, 2, 396, 1, 1, 208, 208, 221, 1.04, -0.03, -0.15, 7.75, 7.00, 8.00, 8.75, 9.00, 8.00, 8.50, 9.00, 7.75, 8.25, 7.50, 8.00, 7.75, 8.25, 8.50, 8.50, 5.75, 6.00, 7.00, 8.00, 7.50, 8.00, 8.25, 8.00, 5.75, 5.75, 6.75, 7.75, 7.25, 8.00, 8.00, 8.00, 6.50, 4.75, 6.00, 6.75, 7.75, 7.75, 8.25, 8.50, 6.75, 5.00, 5.25, 6.75, 6.75, 7.75, 8.25, 8.00, 8.00, 5.50, 4.50, 7.00, 7.50, 8.00, 7.50, 8.00, 8.00, 7.25, 6.00, 6.75, 7.00, 7.50, 9.00, 9.25, 1
44.70, 19.20, 2, 400, 1, 1, 207, 208, 221, 1.04, -0.03, -0.16, 7.50, 7.50, 7.75, 7.50, 8.00, 8.00, 8.50, 9.25, 7.25, 7.50, 7.25, 6.75, 7.75, 7.25, 8.25, 8.25, 5.00, 6.00, 6.50, 7.50, 7.00, 7.50, 8.25, 8.00, 5.75, 5.00, 6.50, 7.00, 7.25, 7.75, 8.25, 8.00, 6.50, 4.75, 5.50, 6.75, 7.25, 7.75, 8.50, 8.25, 6.75, 4.75, 5.50, 7.00, 6.75, 8.00, 8.00, 7.25, 7.75, 5.50, 4.00, 6.75, 7.25, 8.00, 7.50, 7.75, 8.25, 7.00, 5.00, 6.75, 7.00, 8.00, 9.00, 8.50, 1
44.70, 19.20, 63, 410, 1, 1, 208, 208, 221, 1.04, -0.02, -0.16, 7.75, 7.25, 7.75, 7.75, 7.50, 8.00, 8.50, 9.25, 7.25, 7.00, 7.50, 7.00, 7.75, 7.50, 8.25, 8.25, 6.00, 5.50, 6.50, 7.25, 7.00, 7.50, 7.75, 8.00, 5.50, 5.50, 6.00, 7.00, 7.25, 7.50, 8.25, 7.50, 6.00, 5.00, 5.25, 6.75, 6.75, 7.25, 8.25, 8.25, 6.25, 4.25, 5.25, 6.00, 6.75, 7.50, 7.75, 7.75, 7.75, 5.25, 3.75, 6.75, 7.50, 8.00, 7.25, 7.50, 8.00, 6.00, 5.25, 6.50, 6.75, 7.25, 9.25, 9.00, 4
44.70, 19.20, 8, 396, 1, 1, 208, 208, 221, 1.04, -0.03, -0.15, 7.50, 7.50, 7.00, 8.00, 8.00, 7.75, 8.00, 9.00, 6.75, 7.00, 7.00, 6.75, 7.75, 7.25, 7.75, 7.50, 5.00, 6.00, 6.25, 7.50, 6.75, 7.50, 7.75, 8.50, 6.00, 5.25, 6.50, 7.25, 7.50, 7.50, 8.00, 8.00, 6.00, 4.75, 5.75, 7.00, 7.00, 8.00, 8.25, 8.50, 6.75, 4.50, 5.25, 6.25, 6.50, 7.50, 8.00, 8.00, 7.50, 5.25, 4.75, 6.75, 7.00, 7.75, 7.50, 7.50, 8.50, 6.00, 5.25, 6.75, 7.00, 7.75, 8.50, 8.75, 4
44.90, 19.20, 2, 404, 1, 1, 207, 208, 221, 1.04, -0.03, -0.16, 8.00, 7.75, 7.50, 7.75, 7.25, 8.00, 9.00, 9.00, 7.25, 7.25, 7.00, 7.25, 8.00, 7.00, 8.25, 8.25, 5.75, 6.00, 6.50, 6.75, 6.50, 7.25, 8.00, 8.00, 5.50, 5.00, 6.50, 6.75, 7.25, 7.50, 8.00, 7.75, 6.50, 4.75, 5.75, 7.00, 7.00, 7.25, 8.50, 8.25, 6.25, 4.50, 5.50, 6.50, 7.00, 7.25, 8.00, 7.25, 7.75, 5.25, 4.75, 6.75, 7.50, 7.75, 7.75, 7.50, 8.50, 6.75, 5.25, 7.00, 6.75, 7.50, 9.50, 9.75, 4
44.90, 19.20, 2, 414, 1, 1, 208, 208, 221, 1.04, -0.03, -0.16, 7.50, 7.75, 7.75, 8.00, 8.00, 8.25, 8.25, 9.50, 7.00, 7.75, 7.25, 7.75, 7.75, 7.50, 8.00, 8.50, 6.00, 5.50, 6.75, 7.25, 7.25, 7.25, 8.00, 8.00, 5.50, 5.50, 6.75, 6.75, 8.00, 7.25, 7.75, 7.75, 6.25, 4.75, 5.50, 7.00, 7.50, 7.75, 8.00, 8.75, 6.75, 5.00, 5.75, 6.50, 7.00, 7.25, 8.25, 8.00, 7.25, 5.50, 4.25, 6.25, 7.25, 7.75, 7.50, 7.75, 8.50, 6.50, 5.00, 7.00, 7.50, 8.00, 8.00, 9.00, 4
44.90, 19.20, 2, 402, 1, 1, 208, 208, 221, 1.04, -0.02, -0.16, 7.25, 7.75, 7.50, 7.75, 7.75, 8.00, 8.25, 8.75, 7.75, 7.50, 7.50, 7.50, 8.00, 7.50, 7.50, 8.50, 5.50, 6.00, 6.75, 7.25, 7.25, 7.75, 8.25, 8.50, 5.50, 5.50, 6.50, 7.25, 7.50, 8.00, 8.50, 8.00, 6.75, 4.50, 5.75, 7.25, 7.25, 7.50, 8.00, 8.50, 6.50, 5.25, 5.75, 7.00, 7.00, 7.25, 8.50, 8.00, 9.00, 6.00, 5.00, 6.25, 8.00, 8.00, 7.50, 7.50, 8.50, 7.00, 5.50, 6.75, 6.75, 8.50, 8.75, 8.75, 4
44.90, 19.10, 2, 400, 1, 1, 208, 208, 221, 1.04, -0.03, -0.16, 7.25, 8.00, 8.00, 7.75, 8.00, 8.00, 8.25, 8.25, 7.75, 7.75, 6.75, 7.25, 8.00, 7.50, 8.75, 9.00, 5.25, 5.50, 6.25, 7.50, 7.25, 7.25, 8.25, 8.25, 5.50, 5.00, 6.50, 6.75, 7.75, 8.00, 7.75, 8.00, 6.50, 4.75, 5.50, 6.75, 6.75, 7.50, 8.50, 8.00, 6.75, 4.75, 5.50, 6.50, 6.75, 7.25, 8.00, 7.50, 7.50, 5.50, 4.50, 6.75, 7.50, 7.50, 7.75, 7.75, 7.75, 6.00, 5.25, 6.00, 7.00, 7.75, 8.50, 9.00, 4
44.90, 19.10, 2, 412, 1, 1, 208, 209, 221, 1.04, -0.03, -0.15, 8.00, 8.25, 7.25, 7.75, 7.50, 7.75, 9.00, 8.50, 7.25, 7.25, 6.75, 7.25, 7.25, 7.50, 8.00, 8.00, 5.50, 5.75, 6.25, 7.50, 7.00, 7.50, 8.00, 7.75, 5.25, 5.00, 6.25, 6.75, 7.00, 7.75, 7.50, 7.50, 5.75, 4.50, 5.25, 7.25, 7.00, 7.75, 8.00, 8.25, 6.50, 4.75, 5.50, 6.50, 7.00, 7.50, 8.50, 8.50, 7.25, 4.75, 4.50, 6.75, 7.25, 8.25, 7.50, 7.75, 8.25, 6.75, 6.00, 6.50, 7.00, 8.00, 8.75, 8.50, 4
44.90, 19.10, 3, 412, 1, 1, 208, 209, 221, 1.03, -0.02, -0.16, 7.75, 7.00, 7.75, 7.50, 8.00, 8.00, 8.75, 8.50, 7.50, 7.00, 6.75, 7.00, 7.75, 7.75, 8.00, 8.25, 5.50, 5.50, 7.00, 7.25, 7.25, 7.25, 8.50, 8.50, 5.00, 5.25, 6.25, 7.00, 7.25, 7.75, 7.75, 8.00, 6.50, 4.50, 5.25, 7.00, 7.00, 7.50, 8.25, 8.50, 6.75, 4.75, 5.25, 6.25, 7.00, 8.00, 8.25, 8.00, 7.75, 5.50, 4.75, 6.25, 7.75, 7.50, 7.50, 7.75, 8.50, 7.00, 5.75, 7.25, 7.25, 7.25, 8.75, 8.75, 4
45.00, 19.10, 3, 397, 1, 1, 208, 208, 221, 1.04, -0.03, -0.16, 7.75, 7.75, 8.25, 7.50, 8.00, 8.25, 9.00, 8.75, 7.25, 8.00, 7.50, 7.25, 7.75, 8.00, 8.75, 9.00, 5.50, 5.50, 7.00, 7.50, 7.75, 7.50, 8.00, 8.50, 5.25, 5.50, 6.50, 7.25, 7.50, 7.75, 8.50, 8.25, 6.50, 4.50, 5.75, 7.25, 7.25, 7.75, 8.25, 8.50, 6.50, 4.50, 5.75, 6.50, 7.50, 7.50, 8.50, 8.25, 7.50, 6.00, 4.75, 7.25, 7.75, 8.25, 7.25, 8.75, 8.50, 6.75, 6.25, 7.25, 7.75, 7.50, 9.00, 9.25, 4
45.00, 19.10, 2, 403, 1, 1, 208, 208, 221, 1.04, -0.02, -0.15, 8.50, 8.50, 8.50, 8.50, 8.50, 8.75, 9.50, 10.50, 8.25, 8.50, 8.00, 8.00, 9.00, 8.50, 9.25, 8.75, 6.25, 6.50, 7.75, 8.25, 8.00, 8.50, 9.00, 9.50, 6.25, 6.00, 7.25, 7.75, 8.50, 8.75, 8.75, 9.25, 7.00, 5.75, 6.00, 7.75, 8.25, 9.25, 8.75, 9.25, 7.50, 5.50, 6.25, 7.50, 8.00, 8.25, 9.00, 8.75, 8.25, 6.25, 5.75, 7.50, 8.25, 8.75, 8.25, 8.25, 8.75, 7.00, 6.25, 7.75, 7.75, 8.25, 9.50, 9.50, 1
45.00, 19.10, 3, 409, 1, 1, 208, 209, 221, 1.04, -0.03, -0.15, 8.75, 9.00, 8.75, 9.25, 9.25, 9.25, 9.75, 10.75, 8.50, 8.75, 8.75, 8.75, 9.00, 9.25, 9.75, 9.25, 7.25, 7.25, 8.00, 8.75, 8.75, 9.00, 9.75, 9.50, 6.50, 6.50, 7.75, 8.25, 9.00, 9.25, 9.00, 9.25, 8.00, 6.50, 6.75, 8.50, 8.50, 8.75, 9.50, 10.25, 8.00, 6.50, 7.50, 7.75, 8.50, 8.75, 10.00, 8.75, 9.00, 6.75, 6.75, 8.25, 8.75, 9.00, 8.75, 9.00, 8.75, 8.75, 6.25, 7.75, 8.50, 9.25, 9.50, 10.00, 1
45.10, 19.10, 3, 396, 1, 0, 207, 208, 221, 1.04, -0.03, -0.15, 9.00, 9.25, 8.75, 9.25, 9.50, 9.00, 10.50, 10.75, 8.75, 9.25, 9.25, 8.75, 9.75, 9.50, 9.50, 10.00, 7.25, 7.25, 8.25, 9.75, 9.00, 9.00, 9.50, 10.25, 6.50, 7.00, 8.25, 9.00, 9.00, 9.75, 9.00, 9.50, 8.00, 6.50, 7.50, 8.50, 9.00, 9.00, 10.00, 10.25, 8.25, 6.75, 7.00, 9.00, 9.25, 9.00, 10.00, 9.50, 9.25, 7.50, 6.50, 8.50, 8.75, 9.25, 9.00, 10.00, 9.25, 8.25, 6.75, 7.50, 9.25, 9.25, 10.00, 11.25, 1
45.10, 19.10, 2, 402, 1, 0, 208, 208, 221, 1.04, -0.03, -0.16, 8.75, 8.50, 8.75, 8.75, 9.50, 8.75, 9.75, 9.75, 8.50, 8.75, 8.25, 8.75, 9.25, 8.75, 9.50, 9.50, 6.50, 7.50, 8.00, 9.25, 8.75, 9.00, 9.50, 9.25, 6.50, 6.25, 8.00, 8.50, 8.75, 9.00, 9.50, 8.75, 7.50, 6.25, 7.00, 8.75, 8.75, 9.00, 9.00, 9.00, 7.75, 6.00, 6.75, 8.25, 8.25, 8.75, 9.25, 9.00, 8.75, 6.75, 6.00, 7.75, 9.25, 8.50, 8.50, 8.75, 10.00, 8.25, 6.25, 7.50, 8.75, 8.50, 9.50, 10.00, 1
45.10, 19.10, 2, 396, 1, 0, 207, 208, 221, 1.04, -0.03, -0.15, 9.00, 9.00, 9.25, 9.00, 9.25, 9.00, 9.50, 9.75, 7.75, 8.25, 8.25, 8.50, 9.00, 8.75, 9.25, 8.75, 6.50, 7.25, 7.75, 9.00, 8.50, 9.00, 9.25, 9.50, 6.75, 6.75, 8.25, 8.25, 9.00, 9.00, 9.50, 9.50, 7.50, 6.00, 7.25, 8.50, 8.00, 9.25, 9.25, 9.50, 7.00, 5.50, 6.75, 7.75, 8.75, 9.00, 8.75, 9.00, 9.00, 7.00, 5.50, 8.25, 9.00, 8.75, 8.50, 9.25, 9.25, 8.25, 7.00, 7.50, 8.00, 9.00, 10.25, 10.25, 1
45.20, 19.10, 36, 410, 1, 0, 208, 208, 221, 1.04, -0.03, -0.16, 8.75, 9.25, 9.25, 9.00, 9.00, 9.50, 10.25, 10.50, 8.75, 9.25, 8.75, 9.25, 9.50, 9.25, 9.25, 9.75, 6.75, 7.50, 8.25, 9.00, 8.75, 9.25, 9.25, 10.25, 6.75, 6.50, 8.50, 8.50, 9.25, 9.00, 9.50, 9.00, 8.25, 6.50, 7.50, 8.75, 8.75, 9.25, 9.75, 9.50, 7.75, 6.25, 7.00, 8.25, 8.50, 9.25, 10.00, 9.50, 9.75, 6.75, 6.50, 8.50, 9.25, 9.25, 8.50, 9.00, 9.25, 8.25, 7.00, 8.50, 9.00, 8.75, 10.00, 10.50, 3
45.20, 19.10, 3, 393, 1, 0, 207, 208, 221, 1.04, -0.03, -0.15, 8.50, 9.00, 9.25, 10.00, 9.50, 9.75, 10.50, 11.00, 8.75, 8.75, 9.25, 9.25, 9.25, 9.25, 10.00, 9.25, 7.75, 8.00, 9.00, 9.25, 9.00, 9.25, 10.00, 9.25, 7.50, 7.25, 8.75, 9.00, 9.25, 9.25, 9.75, 9.50, 8.75, 6.50, 7.50, 8.25, 9.00, 9.50, 9.75, 9.75, 7.50, 6.00, 7.50, 8.00, 9.25, 9.00, 9.50, 9.75, 9.50, 7.00, 6.25, 8.25, 9.25, 9.50, 9.00, 9.25, 10.25, 8.00, 6.50, 8.00, 9.25, 9.25, 10.50, 10.50, 3
45.20, 19.10, 2, 409, 1, 0, 208, 208, 221, 1.04, -0.03, -0.15, 8.50, 8.75, 8.75, 9.25, 9.50, 9.25, 9.50, 10.00, 8.75, 9.00, 8.25, 8.75, 9.25, 9.00, 9.25, 8.75, 6.50, 7.00, 7.75, 9.00, 8.50, 9.00, 9.00, 9.00, 6.50, 6.75, 8.25, 8.25, 9.00, 9.00, 9.00, 9.00, 7.75, 6.25, 7.00, 8.25, 8.50, 9.00, 9.50, 10.00, 7.50, 6.00, 6.50, 7.50, 9.00, 9.00, 9.50, 9.50, 8.50, 7.00, 5.75, 7.25, 9.00, 9.00, 8.75, 9.50, 9.25, 8.25, 6.75, 8.00, 8.25, 8.75, 10.50, 10.00, 3
45.20, 19.00, 4, 392, 1, 0, 208, 208, 221, 1.04, -0.03, -0.15, 8.75, 9.00, 8.25, 8.75, 8.75, 9.25, 10.00, 10.00, 8.75, 8.25, 8.00, 8.25, 9.00, 8.75, 9.00, 8.75, 6.50, 6.75, 7.25, 8.25, 8.25, 8.50, 9.25, 9.00, 6.00, 6.00, 7.75, 8.25, 8.50, 9.00, 9.00, 9.00, 7.00, 5.75, 7.00, 7.75, 8.50, 9.00, 9.25, 10.00, 7.50, 6.00, 6.75, 8.00, 8.75, 8.50, 9.50, 8.75, 8.50, 6.25, 5.75, 7.75, 8.50, 8.75, 8.50, 8.50, 8.75, 7.00, 6.00, 7.75, 8.75, 7.75, 9.50, 10.00, 3
45.20, 19.00, 2, 405, 1, 0, 208, 209, 221, 1.03, -0.03, -0.15, 8.25, 8.50, 8.00, 8.25, 9.00, 9.00, 9.25, 10.25, 8.00, 8.00, 8.50, 8.50, 8.75, 9.00, 9.00, 8.75, 6.75, 7.00, 7.50, 8.25, 8.00, 8.75, 8.75, 9.25, 6.00, 6.25, 7.25, 8.25, 8.25, 8.25, 8.75, 8.75, 7.25, 5.75, 7.00, 7.50, 7.75, 9.00, 9.25, 9.50, 6.75, 4.75, 6.00, 7.25, 8.00, 8.25, 9.00, 8.75, 8.00, 6.25, 4.75, 7.75, 7.75, 8.25, 8.25, 8.50, 8.75, 7.25, 5.50, 7.25, 8.25, 8.00, 9.75, 9.50, 3
45.20, 19.00, 3, 404, 1, 0, 208, 208, 221, 1.04, -0.03, -0.16, 8.00, 8.00, 8.25, 8.75, 8.25, 8.50, 8.75, 10.00, 7.75, 7.75, 7.75, 7.75, 8.00, 7.75, 8.75, 9.00, 6.00, 6.25, 7.50, 8.75, 7.75, 7.75, 8.75, 8.75, 5.50, 5.75, 7.00, 7.75, 7.75, 8.75, 8.25, 8.50, 6.50, 5.50, 6.25, 8.00, 7.25, 8.00, 8.25, 9.25, 6.50, 5.25, 6.25, 7.25, 7.25, 8.25, 8.25, 7.75, 8.00, 5.75, 5.00, 7.00, 8.25, 8.50, 7.50, 8.00, 8.50, 7.25, 5.50, 7.50, 7.75, 8.00, 9.50, 9.50, 3
45.40, 19.00, 2, 392, 1, 0, 208, 208, 221, 1.04, -0.02, -0.15, 7.00, 7.50, 8.25, 8.00, 7.50, 8.00, 9.00, 9.00, 7.25, 8.00, 7.00, 7.25, 7.50, 7.75, 8.25, 8.00, 5.25, 6.00, 7.25, 7.75, 7.75, 7.75, 7.75, 9.00, 5.50, 5.25, 7.25, 6.75, 7.75, 7.50, 8.75, 8.25, 6.50, 4.75, 5.75, 7.00, 7.50, 7.75, 8.25, 8.75, 6.75, 5.25, 5.50, 6.50, 7.25, 8.00, 7.75, 8.50, 8.25, 5.50, 5.00, 7.00, 7.75, 8.25, 7.50, 8.00, 8.25, 6.50, 5.50, 6.75, 7.50, 7.75, 8.75, 8.75, 1
45.40, 19.00, 4, 403, 1, 0, 208, 209, 221, 1.04, -0.03, -0.17, 7.25, 7.50, 7.75, 8.00, 7.50, 8.00, 9.25, 9.00, 7.75, 7.75, 7.50, 7.25, 7.75, 7.75, 8.25, 8.00, 6.25, 5.75, 6.50, 7.25, 7.50, 7.50, 7.75, 8.25, 5.50, 5.50, 6.75, 7.50, 7.25, 7.75, 7.75, 8.00, 6.50, 5.25, 6.00, 6.75, 7.00, 8.25, 8.75, 8.75, 6.00, 5.25, 5.50, 6.75, 7.25, 8.00, 8.25, 8.25, 7.25, 5.50, 4.75, 6.75, 7.50, 7.75, 7.75, 8.25, 8.00, 7.00, 5.50, 6.75, 7.00, 8.00, 8.75, 8.75, 1
45.40, 19.00, 2, 406, 1, 0, 208, 209, 221, 1.04, -0.03, -0.16, 7.75, 8.50, 7.75, 7.75, 8.25, 8.00, 9.00, 9.00, 8.00, 8.00, 7.75, 8.25, 8.00, 8.00, 8.75, 8.50, 6.00, 6.25, 6.75, 8.00, 7.50, 8.25, 8.25, 8.00, 5.75, 5.75, 6.75, 7.25, 7.75, 8.25, 8.25, 7.75, 6.75, 5.50, 5.75, 7.25, 7.00, 8.00, 8.75, 9.00, 6.50, 5.25, 5.75, 6.50, 7.25, 7.25, 8.25, 8.25, 8.00, 5.25, 5.00, 7.00, 7.50, 7.75, 7.50, 8.00, 8.25, 6.50, 6.00, 7.25, 7.25, 8.00, 9.00, 9.00, 1
45.50, 19.00, 2, 394, 1, 0, 208, 208, 221, 1.04, -0.03, -0.17, 8.25, 8.50, 7.50, 8.25, 8.00, 8.50, 8.75, 10.00, 8.25, 8.00, 7.75, 7.50, 8.25, 8.00, 8.25, 8.75, 6.75, 6.00, 7.50, 7.75, 7.50, 8.00, 8.50, 8.50, 5.50, 5.25, 7.00, 7.50, 8.00, 8.00, 8.25, 8.00, 6.25, 5.50, 6.00, 7.25, 7.75, 8.00, 9.25, 8.75, 7.00, 5.00, 6.25, 7.50, 7.25, 7.75, 9.00, 9.00, 8.25, 6.25, 4.50, 7.25, 7.50, 8.75, 7.75, 8.50, 8.50, 7.50, 6.50, 7.25, 7.75, 8.00, 9.00, 9.25, 1
45.50, 19.00, 2, 396, 1, 0, 207, 208, 221, 1.04, -0.03, -0.15, 8.00, 8.50, 8.25, 8.50, 8.50, 9.00, 9.25, 10.00, 7.75, 8.50, 8.00, 8.50, 8.50, 8.50, 9.00, 8.50, 6.25, 6.25, 7.75, 8.50, 8.00, 8.25, 9.25, 9.00, 6.50, 5.50, 7.25, 7.50, 8.50, 8.50, 9.00, 8.25, 7.00, 5.50, 6.25, 8.00, 8.50, 8.00, 9.25, 9.50, 7.25, 5.50, 6.25, 6.75, 7.75, 8.50, 9.00, 9.25, 8.25, 6.00, 5.50, 7.25, 8.25, 8.50, 8.25, 8.00, 8.25, 6.75, 6.00, 7.25, 7.75, 8.50, 9.50, 9.25, 1
45.50, 19.00, 3, 409, 1, 0, 208, 208, 221, 1.04, -0.03, -0.15, 7.75, 8.25, 7.75, 8.25, 8.75, 8.00, 8.75, 9.50, 7.75, 8.25, 8.25, 8.25, 8.50, 8.50, 9.25, 8.75, 6.25, 6.75, 7.00, 8.00, 7.50, 8.00, 8.75, 8.50, 5.25, 6.00, 7.25, 7.25, 7.75, 8.00, 8.75, 8.50, 6.75, 5.75, 6.00, 8.00, 8.00, 7.75, 8.50, 9.25, 6.75, 5.25, 6.25, 6.50, 7.25, 8.25, 8.75, 8.75, 8.00, 5.75, 5.25, 7.25, 8.00, 8.00, 7.75, 8.25, 8.25, 7.75, 6.25, 7.50, 7.50, 8.00, 9.25, 9.25, 1
45.50, 18.90, 3, 396, 1, 0, 208, 208, 221, 1.04, -0.03, -0.15, 7.75, 7.75, 8.00, 8.25, 8.00, 8.25, 9.00, 9.00, 7.50, 7.25, 7.50, 7.75, 8.00, 8.00, 8.75, 8.25, 6.00, 5.75, 6.50, 7.75, 6.75, 7.75, 8.50, 8.25, 5.75, 5.75, 7.00, 7.75, 7.50, 8.25, 8.00, 8.50, 6.75, 4.00, 6.00, 7.00, 7.75, 8.25, 8.25, 9.00, 6.50, 5.00, 6.00, 6.75, 7.75, 8.00, 9.00, 7.75, 8.25, 5.50, 4.75, 6.50, 8.00, 7.50, 7.25, 7.75, 8.25, 6.75, 5.25, 6.50, 7.25, 8.00, 9.25, 9.25, 1
45.50, 18.90, 2, 394, 1, 0, 208, 208, 221, 1.04, -0.03, -0.16, 7.75, 7.75, 7.25, 7.75, 8.50, 8.25, 9.00, 8.75, 7.75, 7.75, 7.50, 7.25, 8.00, 7.75, 8.75, 7.75, 6.00, 5.75, 7.00, 7.75, 7.25, 7.25, 8.00, 7.50, 5.75, 5.50, 6.50, 7.00, 7.50, 8.00, 7.75, 8.00, 6.25, 4.50, 5.75, 7.00, 7.25, 8.00, 8.75, 9.25, 7.25, 5.00, 5.75, 6.25, 7.00, 7.25, 8.75, 7.50, 7.75, 6.00, 4.75, 6.75, 7.25, 8.00, 7.25, 8.50, 8.25, 7.25, 5.25, 7.00, 7.50, 8.00, 8.75, 9.25, 1
45.50, 18.90, 12, 407, 1, 0, 208, 208, 221, 1.04, -0.02, -0.15, 7.50, 8.00, 8.00, 8.00, 8.25, 8.50, 8.50, 9.25, 7.50, 8.00, 7.25, 7.50, 7.75, 8.25, 8.25, 8.00, 6.00, 5.75, 7.00, 7.50, 7.25, 7.50, 8.25, 8.75, 5.50, 5.75, 6.50, 7.00, 7.25, 8.00, 8.00, 7.50, 6.50, 5.00, 6.00, 7.00, 7.00, 7.50, 8.50, 8.75, 6.50, 4.50, 5.75, 6.50, 7.00, 7.75, 8.75, 8.25, 7.75, 5.50, 5.00, 6.75, 7.50, 7.75, 7.25, 8.00, 8.00, 7.00, 5.75, 7.25, 7.50, 7.75, 8.75, 9.50, 1
45.70, 18.90, 3, 404, 1, 1, 208, 209, 221, 1.04, -0.02, -0.15, 8.25, 8.50, 8.50, 8.75, 8.50, 8.50, 9.75, 9.50, 7.50, 8.25, 8.50, 8.50, 8.75, 8.25, 8.50, 9.25, 5.75, 6.25, 7.75, 8.00, 7.50, 8.00, 9.25, 8.75, 6.00, 6.00, 7.25, 7.75, 8.50, 9.00, 9.00, 8.75, 7.25, 5.75, 6.25, 7.75, 7.75, 8.25, 8.75, 9.25, 7.50, 5.75, 6.50, 7.25, 8.00, 8.50, 9.00, 9.00, 8.25, 6.00, 5.50, 8.00, 8.25, 9.00, 8.50, 8.00, 9.25, 7.00, 6.75, 8.25, 8.25, 8.75, 9.50, 9.75, 1
45.70, 18.90, 2, 395, 1, 1, 207, 208, 221, 1.04, -0.03, -0.16, 7.75, 8.50, 8.50, 9.00, 8.50, 9.25, 9.25, 9.75, 8.25, 8.25, 8.25, 8.50, 9.00, 8.00, 8.75, 9.00, 6.00, 6.50, 7.75, 8.50, 7.75, 8.25, 8.50, 9.25, 6.00, 6.00, 7.25, 7.50, 8.50, 8.75, 9.00, 8.75, 7.25, 5.75, 6.25, 8.00, 7.75, 9.00, 8.75, 9.00, 6.75, 5.25, 6.50, 7.25, 8.00, 8.25, 9.00, 8.25, 8.75, 6.00, 5.50, 7.00, 8.25, 8.25, 8.50, 8.75, 8.75, 7.00, 5.50, 7.50, 8.00, 7.75, 9.75, 10.00, 1
45.70, 18.90, 5, 410, 1, 1, 208, 209, 221, 1.04, -0.03, -0.15, 7.50, 8.75, 8.75, 8.75, 8.50, 8.50, 9.25, 8.75, 8.50, 7.75, 7.75, 8.25, 8.25, 8.50, 8.50, 9.00, 6.50, 6.25, 7.25, 8.25, 8.00, 8.50, 8.75, 8.75, 6.00, 5.50, 7.50, 7.75, 8.00, 8.50, 8.50, 8.75, 7.25, 6.00, 6.00, 8.00, 8.00, 8.50, 9.50, 9.50, 7.75, 5.50, 6.25, 7.25, 8.25, 8.50, 9.25, 8.00, 8.50, 6.25, 5.00, 7.25, 8.50, 8.75, 7.75, 8.75, 8.25, 7.75, 6.00, 6.75, 7.75, 8.50, 9.25, 10.00, 1
45.80, 18.90, 4, 405, 1, 1, 208, 208, 221, 1.04, -0.03, -0.15, 8.75, 8.25, 8.50, 9.00, 8.00, 9.00, 9.75, 10.25, 8.25, 8.00, 8.25, 8.50, 9.00, 8.50, 8.25, 8.75, 6.50, 6.75, 7.75, 8.00, 7.75, 8.25, 8.75, 9.00, 6.00, 6.75, 7.50, 7.75, 8.25, 8.75, 9.00, 8.25, 6.75, 5.75, 6.50, 7.75, 8.00, 8.50, 8.75, 9.50, 6.75, 5.25, 6.25, 7.75, 7.75, 8.00, 9.25, 8.25, 8.25, 6.00, 5.75, 8.25, 8.25, 8.75, 8.00, 9.00, 8.75, 7.25, 6.25, 7.75, 8.75, 8.50, 9.50, 9.25, 1
45.80, 18.90, 8, 399, 1, 1, 207, 208, 221, 1.03, -0.03, -0.16, 8.00, 8.50, 8.25, 8.50, 8.50, 8.75, 9.25, 9.50, 8.00, 8.00, 7.50, 8.00, 8.25, 8.25, 8.50, 8.50, 6.00, 6.25, 7.00, 8.00, 7.25, 8.25, 9.00, 8.50, 6.25, 5.50, 7.00, 7.25, 8.00, 8.50, 8.50, 8.25, 6.75, 5.00, 6.75, 7.00, 7.25, 8.00, 8.75, 8.50, 6.75, 4.75, 6.00, 7.00, 7.50, 8.25, 8.50, 8.25, 8.75, 6.00, 5.50, 7.00, 8.00, 8.75, 8.00, 8.25, 8.50, 7.25, 5.75, 6.75, 7.50, 8.00, 8.75, 9.25, 1
45.80, 18.90, 3, 412, 1, 1, 208, 209, 221, 1.04, -0.02, -0.15, 8.00, 8.25, 8.25, 7.75, 8.25, 8.50, 9.50, 9.25, 7.50, 8.00, 7.50, 7.75, 8.00, 8.50, 8.00, 8.75, 6.00, 6.25, 7.25, 8.25, 7.75, 8.00, 8.50, 8.75, 5.50, 5.50, 7.25, 7.50, 8.00, 8.50, 8.50, 8.25, 7.00, 5.25, 6.25, 7.75, 8.50, 8.25, 8.50, 8.50, 7.25, 5.00, 6.50, 7.25, 7.75, 8.00, 8.25, 8.50, 8.25, 6.25, 5.25, 7.50, 7.75, 8.25, 8.00, 8.50, 8.50, 7.50, 5.50, 7.50, 8.25, 7.50, 9.25, 9.75, 1
45.90, 18.90, 2, 408, 1, 1, 208, 209, 221, 1.04, -0.03, -0.16, 7.75, 8.50, 8.00, 8.50, 8.25, 8.50, 9.25, 9.50, 8.00, 8.00, 8.00, 7.50, 8.25, 8.00, 8.50, 8.75, 6.00, 6.75, 7.00, 8.25, 7.50, 7.75, 8.25, 8.75, 6.00, 5.50, 7.00, 7.75, 7.75, 8.25, 8.25, 8.75, 7.00, 5.25, 6.00, 7.00, 7.50, 7.75, 8.75, 9.50, 6.75, 5.00, 6.00, 7.50, 7.50, 8.75, 8.75, 8.25, 8.00, 6.25, 5.00, 7.25, 7.75, 8.25, 8.25, 8.25, 8.50, 7.25, 6.25, 7.25, 7.50, 8.50, 9.25, 9.50, 1
45.90, 18.90, 2, 394, 1, 1, 208, 208, 221, 1.04, -0.03, -0.16, 8.25, 8.50, 8.50, 8.50, 8.25, 8.50, 9.00, 10.00, 8.50, 9.00, 8.00, 8.25, 8.25, 7.75, 9.25, 8.25, 6.50, 6.00, 7.00, 8.00, 7.75, 8.25, 9.00, 8.75, 6.00, 6.25, 7.50, 7.75, 8.25, 8.75, 8.50, 8.50, 7.00, 5.25, 6.00, 7.25, 7.50, 8.75, 8.50, 9.00, 7.00, 5.75, 6.00, 7.50, 7.75, 8.25, 9.00, 8.75, 8.25, 6.25, 4.75, 7.50, 8.75, 8.50, 8.25, 8.50, 8.75, 7.00, 5.50, 7.25, 7.75, 8.25, 9.00, 10.25, 1
45.90, 18.90, 63, 402, 1, 1, 207, 208, 221, 1.04, -0.03, -0.16, 8.00, 8.00, 8.25, 7.75, 8.75, 8.50, 9.50, 9.25, 8.50, 8.25, 7.50, 8.25, 8.50, 8.50, 8.25, 8.75, 6.25, 6.00, 7.25, 7.75, 7.75, 8.00, 8.75, 8.00, 6.25, 5.50, 7.25, 7.75, 8.25, 8.75, 8.75, 8.00, 6.75, 5.25, 6.25, 7.00, 7.75, 8.25, 8.50, 8.75, 6.50, 5.00, 6.25, 7.25, 7.50, 8.25, 9.50, 9.00, 8.00, 6.00, 5.25, 7.50, 8.00, 8.00, 8.25, 7.75, 8.50, 7.25, 5.50, 7.25, 7.75, 7.75, 8.75, 9.25, 4
46.00, 18.80, 9, 403, 1, 1, 208, 209, 221, 1.04, -0.03, -0.16, 8.25, 8.25, 8.25, 8.75, 8.50, 8.50, 9.00, 10.25, 8.25, 8.75, 8.00, 8.00, 8.25, 8.25, 9.50, 8.25, 7.50, 5.75, 7.50, 8.50, 7.75, 8.50, 9.50, 9.25, 6.25, 6.00, 7.25, 8.25, 8.25, 8.50, 8.50, 8.50, 7.00, 5.00, 6.50, 7.50, 8.25, 8.50, 8.75, 9.25, 7.00, 5.75, 6.25, 7.25, 7.75, 8.50, 9.50, 8.75, 8.75, 5.75, 5.50, 7.50, 8.00, 8.25, 8.50, 8.00, 9.00, 7.25, 6.25, 7.50, 8.25, 8.50, 9.25, 9.00, 4
46.00, 18.80, 2, 392, 1, 1, 207, 208, 221, 1.03, -0.03, -0.16, 8.00, 8.75, 8.75, 8.50, 8.75, 8.75, 9.50, 9.75, 8.50, 8.00, 7.75, 8.00, 8.75, 8.25, 8.50, 8.75, 6.75, 6.75, 7.75, 8.25, 8.25, 8.25, 8.75, 9.50, 6.25, 6.50, 7.50, 8.00, 8.75, 8.75, 8.25, 8.50, 7.50, 6.00, 6.50, 7.50, 8.00, 8.50, 8.75, 8.75, 7.25, 5.25, 6.00, 7.50, 8.25, 8.00, 9.25, 8.75, 8.75, 6.50, 5.50, 7.75, 8.00, 9.00, 8.25, 8.75, 9.00, 7.75, 6.25, 7.50, 8.25, 8.75, 9.50, 10.25, 4
46.00, 18.80, 2, 403, 1, 1, 208, 208, 221, 1.04, -0.03, -0.15, 8.25, 8.75, 8.50, 8.25, 8.75, 8.75, 9.75, 9.75, 8.00, 8.00, 7.75, 8.25, 8.25, 8.50, 9.00, 9.25, 7.00, 6.75, 7.25, 8.50, 7.75, 8.50, 8.75, 9.00, 6.25, 6.25, 7.50, 7.75, 8.50, 9.00, 9.00, 8.75, 7.25, 5.75, 6.25, 8.00, 8.25, 9.00, 8.75, 9.50, 6.75, 5.50, 6.50, 7.50, 7.75, 8.25, 9.50, 8.25, 8.75, 6.25, 5.75, 7.75, 8.50, 8.75, 8.00, 9.00, 9.50, 7.50, 6.00, 8.00, 8.50, 8.75, 9.50, 10.00, 4
46.10, 18.80, 2, 402, 1, 1, 208, 208, 221, 1.04, -0.03, -0.15, 7.50, 8.25, 7.75, 8.00, 8.50, 8.75, 8.75, 9.50, 8.25, 8.00, 7.75, 7.50, 8.00, 8.00, 8.25, 8.25, 5.75, 6.50, 7.50, 8.00, 7.50, 8.00, 8.25, 8.75, 5.75, 6.00, 7.00, 7.50, 7.75, 8.25, 8.25, 8.25, 6.75, 5.25, 6.75, 6.75, 7.75, 8.00, 8.50, 9.00, 7.00, 5.25, 6.50, 7.50, 7.75, 7.75, 9.00, 8.50, 8.50, 6.50, 5.00, 7.25, 8.25, 8.25, 7.75, 8.50, 9.00, 7.25, 6.00, 7.25, 8.25, 8.00, 9.25, 10.25, 1
46.10, 18.80, 2, 392, 1, 1, 208, 208, 221, 1.04, -0.03, -0.16, 7.75, 8.25, 8.25, 8.75, 8.00, 8.50, 9.00, 9.25, 7.50, 7.75, 8.00, 7.50, 8.25, 8.25, 8.25, 8.25, 6.25, 6.00, 7.25, 8.25, 7.75, 8.00, 8.75, 8.50, 6.00, 5.50, 6.75, 7.50, 8.25, 8.25, 8.50, 8.00, 6.75, 5.25, 5.75, 7.50, 7.50, 8.25, 9.00, 8.75, 7.00, 6.00, 6.00, 7.00, 7.50, 7.75, 9.00, 8.50, 7.75, 5.75, 5.50, 7.25, 8.75, 8.25, 7.75, 8.50, 9.00, 7.50, 5.50, 7.50, 7.75, 8.50, 9.75, 10.50, 1
46.10, 18.80, 2, 404, 1, 1, 208, 208, 221, 1.04, -0.02, -0.16, 8.25, 8.75, 8.75, 8.50, 9.00, 9.00, 9.75, 9.75, 8.50, 8.50, 8.50, 8.00, 9.00, 9.25, 9.00, 9.25, 6.50, 6.75, 7.50, 8.25, 8.00, 8.75, 9.00, 9.50, 6.25, 6.25, 7.50, 7.75, 8.75, 8.50, 9.00, 8.50, 6.50, 5.75, 6.50, 8.00, 8.50, 8.75, 9.00, 9.50, 7.25, 5.50, 6.50, 8.25, 8.00, 8.25, 9.75, 8.75, 8.75, 6.50, 5.50, 7.50, 8.75, 8.50, 8.50, 8.50, 8.75, 8.00, 6.50, 8.00, 8.50, 9.00, 9.50, 9.75, 1
46.30, 18.80, 2, 400, 1, 1, 208, 208, 221, 1.04, -0.02, -0.17, 8.50, 9.00, 8.75, 9.00, 9.25, 9.50, 9.25, 10.00, 8.50, 8.50, 8.50, 8.50, 8.50, 8.75, 8.50, 9.00, 6.25, 6.50, 7.50, 8.50, 8.00, 8.25, 9.00, 9.00, 6.25, 6.75, 7.50, 8.25, 9.00, 9.25, 9.00, 8.25, 7.25, 6.00, 7.00, 8.25, 8.75, 9.25, 9.75, 9.25, 7.25, 6.25, 6.75, 8.25, 8.25, 8.75, 9.50, 9.00, 8.00, 6.50, 6.00, 7.75, 8.75, 8.75, 8.00, 9.00, 9.00, 7.75, 5.50, 7.75, 8.00, 9.50, 10.00, 9.75, 1
46.30, 18.80, 2, 393, 1, 1, 207, 208, 221, 1.04, -0.03, -0.15, 7.75, 8.75, 9.00, 8.75, 9.50, 9.50, 10.50, 9.75, 9.25, 8.75, 8.50, 8.25, 9.25, 8.75, 9.50, 8.75, 6.75, 7.00, 8.00, 8.75, 8.75, 8.75, 9.75, 9.75, 6.50, 7.00, 7.75, 8.50, 8.75, 8.75, 9.00, 9.25, 7.25, 6.00, 7.00, 8.25, 8.50, 8.75, 9.25, 10.00, 8.00, 6.25, 7.00, 7.75, 8.25, 8.75, 9.25, 8.75, 8.25, 6.75, 5.75, 7.75, 8.75, 9.00, 8.75, 8.50, 9.00, 7.75, 6.50, 7.75, 8.50, 9.00, 10.50, 10.25, 1
46.30, 18.80, 2, 406, 1, 1, 208, 208, 221, 1.04, -0.02, -0.14, 8.25, 8.25, 8.25, 8.25, 8.75, 8.75, 9.50, 9.50, 8.00, 7.75, 8.00, 8.50, 9.00, 8.25, 9.00, 8.50, 6.50, 6.50, 7.50, 8.25, 7.50, 8.25, 8.75, 9.00, 6.25, 6.00, 7.50, 8.00, 8.50, 9.00, 9.00, 8.25, 7.00, 6.00, 6.00, 8.00, 8.25, 8.00, 8.75, 9.00, 7.00, 5.50, 6.00, 7.75, 8.50, 8.25, 9.75, 9.00, 8.25, 5.75, 5.00, 7.50, 8.25, 8.75, 8.25, 9.00, 9.50, 7.75, 6.50, 7.25, 8.50, 8.25, 9.00, 9.75, 1
46.30, 18.80, 2, 398, 1, 1, 208, 208, 221, 1.04, -0.02, -0.16, 8.50, 8.25, 8.25, 8.75, 9.00, 8.75, 9.75, 9.50, 8.50, 8.00, 8.00, 7.75, 8.50, 8.25, 8.75, 8.75, 6.00, 6.50, 7.75, 8.00, 7.50, 8.25, 8.75, 8.50, 6.00, 5.75, 7.50, 8.00, 8.50, 8.50, 9.00, 8.25, 7.00, 5.75, 6.50, 8.00, 7.75, 8.75, 9.25, 9.25, 6.50, 5.25, 6.50, 7.25, 7.50, 8.25, 8.75, 8.50, 8.50, 6.50, 5.75, 7.50, 8.25, 8.75, 8.25, 8.75, 8.25, 7.00, 5.75, 8.00, 7.50, 8.75, 9.25, 9.25, 1
46.30, 18.80, 2, 390, 1, 1, 208, 208, 221, 1.04, -0.03, -0.16, 8.00, 7.75, 8.00, 8.25, 8.25, 8.50, 9.25, 9.50, 8.25, 8.00, 7.25, 8.00, 8.25, 7.75, 8.75, 8.00, 6.50, 6.25, 6.75, 7.75, 7.25, 7.75, 8.75, 8.50, 5.75, 5.50, 7.25, 7.00, 8.00, 8.75, 8.50, 7.75, 6.25, 5.25, 5.75, 7.00, 7.25, 8.00, 8.75, 9.00, 7.00, 5.75, 5.50, 7.00, 7.00, 8.25, 9.00, 8.00, 8.25, 5.50, 5.00, 7.25, 7.75, 8.00, 8.00, 8.25, 8.50, 7.25, 6.00, 7.25, 8.00, 7.50, 9.25, 9.75, 1
46.30, 18.80, 3, 402, 1, 1, 208, 208, 221, 1.04, -0.02, -0.16, 8.25, 8.00, 7.75, 8.25, 8.25, 8.25, 9.00, 9.50, 7.75, 7.75, 7.75, 7.75, 8.00, 8.25, 8.75, 8.25, 6.25, 6.50, 7.00, 8.00, 7.75, 8.00, 8.75, 8.75, 6.25, 5.25, 7.00, 7.25, 8.25, 8.00, 8.75, 8.25, 7.00, 4.75, 5.75, 7.50, 7.25, 8.25, 9.00, 9.00, 6.75, 5.50, 6.00, 7.00, 7.75, 7.75, 8.50, 8.25, 8.75, 6.25, 4.75, 7.25, 7.75, 8.00, 8.00, 8.25, 8.75, 7.50, 5.75, 7.25, 7.75, 8.25, 9.25, 9.50, 1
46.40, 18.70, 2, 402, 1, 1, 208, 208, 221, 1.04, -0.03, -0.15, 7.50, 8.00, 8.00, 8.25, 8.75, 8.25, 9.25, 9.50, 8.00, 8.50, 7.75, 7.75, 8.25, 7.75, 8.00, 7.75, 6.25, 6.25, 7.75, 7.75, 7.75, 8.50, 9.00, 9.00, 6.75, 6.00, 7.00, 7.50, 7.75, 8.50, 8.50, 9.00, 6.50, 5.25, 6.25, 7.25, 7.75, 8.25, 8.25, 9.50, 7.25, 5.25, 6.00, 7.00, 7.75, 7.75, 8.75, 8.25, 8.50, 5.75, 5.50, 7.50, 8.25, 8.50, 7.75, 8.25, 9.00, 6.50, 5.75, 7.50, 8.00, 8.25, 9.00, 9.50, 1
46.40, 18.70, 2, 390, 1, 1, 208, 208, 221, 1.04, -0.02, -0.16, 8.00, 7.75, 7.75, 8.50, 7.75, 8.25, 9.25, 9.00, 7.50, 7.75, 8.00, 7.75, 7.50, 8.25, 8.00, 8.25, 6.00, 6.25, 6.75, 8.00, 7.50, 7.50, 8.00, 8.50, 5.50, 5.00, 6.75, 7.25, 8.00, 8.00, 8.50, 8.00, 7.25, 4.75, 6.00, 7.25, 7.50, 8.00, 8.50, 8.25, 6.75, 5.50, 5.50, 7.25, 7.00, 8.00, 8.25, 8.25, 7.75, 5.75, 4.75, 7.25, 7.75, 7.50, 8.25, 8.00, 8.00, 6.75, 6.00, 6.50, 7.25, 7.50, 9.00, 9.25, 1
46.40, 18.70, 8, 394, 1, 1, 208, 208, 221, 1.04, -0.03, -0.15, 7.75, 8.25, 8.25, 7.75, 8.50, 8.25, 9.25, 9.00, 8.00, 8.00, 7.75, 8.25, 7.75, 8.25, 8.25, 8.25, 6.00, 6.00, 6.50, 8.00, 7.25, 7.25, 8.75, 8.00, 5.50, 5.00, 6.75, 7.25, 8.25, 8.50, 7.75, 8.50, 6.75, 5.25, 6.25, 7.00, 7.00, 7.75, 8.00, 8.75, 6.75, 4.50, 6.00, 6.75, 7.50, 7.50, 8.75, 8.00, 8.00, 5.50, 4.25, 7.00, 7.50, 8.25, 7.50, 8.00, 8.00, 7.00, 5.50, 7.25, 7.50, 7.50, 8.25, 9.25, 1
46.50, 18.70, 16, 408, 1, 1, 208, 208, 221, 1.04, -0.03, -0.16, 8.50, 7.50, 8.75, 8.50, 8.25, 8.75, 9.25, 9.25, 7.75, 7.75, 7.50, 8.00, 8.25, 8.50, 8.50, 8.50, 6.25, 6.00, 7.25, 8.00, 8.00, 8.25, 8.75, 9.00, 5.75, 5.75, 7.00, 8.00, 7.75, 8.50, 8.75, 8.25, 6.75, 5.50, 6.25, 7.50, 7.75, 8.00, 9.00, 8.75, 7.00, 5.00, 6.25, 7.75, 8.00, 7.75, 8.50, 8.00, 8.50, 6.25, 5.00, 7.25, 7.50, 8.75, 8.00, 8.00, 8.75, 7.50, 5.50, 7.50, 7.50, 8.00, 9.25, 10.00, 3
46.50, 18.70, 10, 392, 1, 1, 208, 208, 221, 1.04, -0.02, -0.16, 8.00, 9.25, 8.75, 9.50, 9.50, 9.50, 10.25, 11.00, 8.75, 9.00, 8.75, 8.50, 8.75, 9.25, 9.25, 9.00, 6.75, 6.75, 8.00, 8.50, 8.50, 9.00, 9.75, 9.25, 6.50, 6.50, 8.00, 8.25, 8.50, 8.75, 9.50, 9.25, 7.75, 6.00, 6.75, 8.75, 8.50, 9.25, 9.50, 9.50, 7.50, 5.75, 7.25, 8.00, 8.50, 9.25, 10.00, 9.25, 9.25, 6.50, 6.25, 8.00, 8.50, 8.75, 8.75, 9.50, 9.25, 8.50, 6.50, 7.75, 8.25, 9.25, 9.50, 9.50, 3
46.50, 18.70, 2, 404, 1, 1, 208, 209, 221, 1.04, -0.03, -0.15, 7.75, 9.25, 8.75, 9.25, 9.50, 9.50, 9.75, 10.25, 8.25, 8.50, 8.50, 8.75, 9.00, 8.75, 9.00, 9.50, 6.50, 7.00, 8.00, 9.00, 8.25, 8.75, 9.25, 9.50, 6.75, 6.50, 8.25, 8.75, 9.00, 9.50, 9.25, 8.75, 8.00, 5.75, 7.00, 8.25, 8.75, 9.50, 9.75, 10.25, 7.50, 6.50, 7.00, 8.25, 8.75, 9.00, 9.25, 8.50, 9.00, 7.00, 5.75, 7.75, 8.25, 9.25, 8.00, 8.25, 9.50, 8.00, 6.75, 8.00, 8.50, 8.25, 9.75, 10.25, 3
46.60, 18.70, 2, 398, 1, 1, 208, 208, 221, 1.04, -0.03, -0.14, 8.75, 9.25, 9.00, 9.00, 9.00, 9.25, 10.25, 10.25, 9.00, 8.75, 9.25, 8.75, 9.25, 9.50, 9.75, 9.50, 7.50, 8.00, 8.25, 9.00, 8.50, 9.50, 9.75, 9.75, 7.00, 7.25, 8.00, 9.25, 9.50, 9.75, 10.00, 9.50, 8.25, 6.50, 7.25, 9.00, 9.00, 9.50, 10.00, 10.00, 8.00, 6.75, 7.75, 8.75, 8.50, 9.50, 10.25, 9.75, 8.75, 7.00, 6.75, 8.50, 9.00, 9.25, 8.75, 9.75, 9.75, 7.75, 7.00, 8.00, 8.50, 8.75, 9.50, 10.00, 3
46.60, 18.70, 3, 407, 1, 1, 208, 208, 221, 1.04, -0.03, -0.16, 9.25, 9.50, 9.50, 10.00, 10.00, 10.50, 10.75, 11.25, 8.75, 9.50, 9.50, 9.50, 10.00, 10.00, 10.00, 10.50, 6.75, 7.50, 9.00, 9.50, 9.00, 9.75, 10.50, 10.25, 7.25, 7.50, 8.50, 9.75, 9.50, 10.25, 10.25, 9.75, 8.50, 7.25, 8.00, 9.25, 9.25, 10.00, 10.75, 11.25, 7.75, 7.25, 7.75, 8.75, 9.50, 9.75, 10.25, 9.75, 9.75, 7.00, 7.00, 8.75, 9.50, 10.00, 9.25, 9.75, 9.25, 8.00, 7.00, 8.50, 9.50, 9.75, 10.75, 10.50, 3
46.60, 18.70, 2, 402, 1, 1, 207, 208, 221, 1.04, -0.03, -0.15, 9.50, 9.50, 9.25, 9.50, 10.00, 9.75, 9.75, 10.75, 9.00, 9.50, 9.50, 9.75, 9.50, 9.75, 9.75, 10.00, 7.50, 7.75, 8.75, 10.00, 9.00, 10.00, 10.00, 9.75, 7.25, 7.50, 8.75, 9.25, 9.75, 9.75, 10.25, 9.50, 7.75, 7.25, 8.00, 8.50, 9.00, 9.75, 9.75, 10.25, 8.50, 6.50, 7.75, 8.50, 9.25, 9.50, 10.25, 9.50, 9.00, 7.50, 6.50, 8.75, 10.00, 9.75, 9.00, 9.25, 10.00, 8.50, 6.50, 7.75, 8.75, 9.50, 10.50, 11.00, 3
46.70, 18.70, 2, 393, 1, 1, 208, 208, 221, 1.04, -0.03, -0.16, 9.25, 9.00, 9.25, 9.25, 9.50, 10.00, 10.75, 10.50, 8.75, 9.00, 9.00, 9.25, 9.00, 8.50, 9.75, 9.25, 7.00, 7.25, 8.75, 9.75, 9.25, 9.75, 9.75, 10.00, 6.75, 7.00, 8.00, 9.00, 9.50, 9.50, 9.50, 9.50, 7.75, 6.25, 7.25, 9.00, 8.75, 9.50, 10.00, 9.75, 7.50, 6.25, 7.00, 8.75, 8.50, 9.50, 9.75, 9.75, 9.00, 7.25, 6.50, 8.50, 9.25, 9.25, 9.00, 9.75, 10.00, 7.75, 7.00, 8.25, 8.75, 9.00, 9.75, 10.75, 3
46.70, 18.70, 3, 411, 1, 1, 208, 208, 221, 1.04, -0.03, -0.15, 8.25, 9.25, 9.25, 9.25, 9.25, 8.75, 10.50, 10.25, 9.00, 9.25, 9.25, 9.00, 9.25, 8.75, 9.75, 9.75, 7.25, 6.75, 8.50, 9.00, 9.25, 9.50, 10.00, 9.75, 6.75, 7.00, 7.75, 8.50, 9.00, 9.50, 9.50, 9.50, 7.50, 6.75, 7.50, 8.75, 9.25, 9.25, 9.75, 10.50, 8.25, 6.50, 7.50, 8.00, 8.75, 9.25, 9.75, 9.00, 9.25, 7.75, 6.00, 8.25, 9.00, 9.00, 8.25, 9.50, 9.50, 7.75, 7.00, 8.50, 8.75, 9.00, 9.75, 10.75, 3
46.70, 18.70, 2, 394, 1, 1, 208, 208, 221, 1.05, -0.03, -0.15, 9.50, 9.25, 9.00, 9.25, 9.25, 9.75, 10.25, 10.50, 8.75, 8.50, 9.25, 9.00, 9.50, 9.75, 9.75, 9.00, 7.00, 7.50, 8.25, 9.25, 8.75, 9.50, 9.75, 10.00, 6.25, 7.00, 9.00, 9.00, 9.25, 9.50, 9.75, 9.25, 7.50, 6.50, 7.50, 8.50, 9.00, 9.75, 9.75, 10.25, 7.25, 6.50, 7.50, 8.25, 9.25, 9.25, 9.25, 9.25, 9.25, 7.25, 6.50, 8.75, 9.00, 9.50, 9.25, 9.25, 9.50, 8.25, 7.25, 8.25, 9.00, 9.25, 10.50, 10.25, 3
46.70, 18.60, 2, 409, 1, 1, 208, 208, 221, 1.03, -0.02, -0.15, 9.00, 9.25, 9.00, 9.25, 10.25, 9.75, 10.00, 10.25, 8.75, 8.50, 8.75, 9.25, 9.00, 9.75, 9.25, 9.50, 7.75, 7.00, 8.50, 9.25, 8.75, 9.75, 9.75, 10.00, 7.25, 7.00, 9.00, 8.75, 9.25, 9.75, 9.75, 9.50, 8.00, 6.75, 7.75, 8.50, 9.25, 9.75, 10.00, 10.25, 8.25, 6.25, 7.00, 8.50, 9.00, 9.25, 10.00, 9.50, 9.50, 7.00, 6.00, 8.00, 9.50, 9.75, 8.50, 9.50, 9.50, 7.50, 7.25, 8.25, 9.00, 9.25, 10.50, 11.00, 1
46.70, 18.60, 3, 394, 1, 1, 207, 208, 221, 1.05, -0.03, -0.16, 9.25, 9.25, 9.75, 9.50, 9.50, 9.50, 10.25, 10.50, 8.50, 9.50, 9.25, 9.25, 9.75, 9.50, 9.75, 9.75, 7.00, 7.50, 8.75, 9.25, 9.50, 9.50, 10.25, 10.00, 6.75, 7.00, 8.00, 9.00, 9.25, 9.50, 9.75, 9.25, 8.00, 6.50, 7.75, 8.75, 9.00, 9.50, 9.75, 10.25, 7.25, 6.75, 7.25, 8.50, 9.25, 9.25, 10.25, 9.50, 8.25, 6.50, 6.50, 8.75, 8.75, 9.50, 8.50, 9.25, 9.75, 8.00, 7.00, 8.50, 8.75, 9.00, 9.25, 11.25, 1
46.70, 18.60, 4, 409, 1, 1, 208, 208, 221, 1.04, -0.03, -0.15, 9.00, 9.25, 9.00, 9.25, 9.50, 10.00, 9.75, 10.50, 9.00, 9.25, 9.00, 9.00, 9.75, 9.50, 9.50, 10.25, 7.75, 8.00, 8.50, 9.50, 9.25, 9.50, 10.25, 10.25, 7.00, 7.50, 8.75, 9.00, 9.50, 9.75, 10.00, 9.50, 8.00, 6.25, 7.50, 9.00, 9.25, 9.75, 9.75, 11.00, 8.00, 6.50, 7.50, 8.25, 8.50, 9.75, 9.50, 9.50, 9.00, 7.00, 6.75, 8.50, 9.25, 10.00, 9.25, 9.50, 9.50, 8.75, 6.50, 8.50, 9.25, 9.00, 10.00, 11.00, 1
46.80, 18.60, 2, 401, 1, 1, 208, 208, 221, 1.04, -0.02, -0.15, 9.50, 9.75, 9.75, 10.00, 9.50, 10.00, 10.50, 11.25, 9.25, 9.25, 9.25, 9.75, 9.75, 9.75, 10.00, 10.00, 6.75, 7.75, 9.00, 9.50, 9.00, 10.00, 10.25, 10.00, 7.50, 7.00, 8.75, 9.25, 9.50, 10.50, 10.25, 9.50, 8.00, 7.25, 8.00, 9.50, 9.25, 10.00, 10.75, 11.00, 8.50, 6.25, 7.75, 9.00, 9.00, 9.50, 10.00, 10.00, 9.75, 6.75, 6.25, 9.00, 9.25, 9.50, 9.50, 9.50, 9.75, 8.50, 6.50, 9.00, 9.00, 9.25, 10.00, 11.50, 1
46.80, 18.60, 2, 396, 1, 1, 207, 208, 221, 1.04, -0.03, -0.17, 10.00, 10.00, 10.00, 9.75, 10.25, 10.25, 10.50, 10.75, 9.25, 9.25, 9.50, 9.50, 9.75, 10.25, 10.25, 10.25, 7.50, 7.75, 9.00, 9.50, 9.75, 9.75, 9.75, 9.75, 8.00, 7.25, 9.00, 9.75, 10.00, 10.25, 10.00, 10.25, 8.50, 6.75, 8.25, 9.25, 9.25, 10.00, 10.25, 10.50, 8.25, 6.75, 7.75, 8.50, 9.75, 9.75, 10.50, 9.75, 9.25, 7.75, 7.00, 9.50, 9.75, 10.00, 9.75, 9.75, 9.75, 8.50, 7.25, 8.50, 9.00, 10.00, 10.50, 11.00, 1
46.80, 18.60, 2, 397, 1, 1, 208, 208, 221, 1.04, -0.03, -0.15, 9.25, 9.25, 10.00, 9.75, 9.75, 10.25, 10.25, 10.25, 8.50, 9.75, 8.75, 10.00, 9.75, 9.75, 9.75, 10.25, 7.00, 8.25, 8.75, 9.00, 9.00, 9.00, 10.25, 10.00, 7.50, 6.75, 8.75, 9.25, 9.50, 9.50, 10.25, 9.75, 8.25, 6.75, 7.75, 9.00, 9.25, 9.75, 10.25, 10.25, 8.25, 6.00, 7.50, 9.25, 9.00, 9.75, 10.50, 9.50, 9.00, 7.25, 6.00, 8.50, 8.75, 9.75, 9.25, 9.50, 9.25, 8.25, 7.00, 8.75, 8.25, 9.25, 10.75, 10.50, 1
46.80, 18.60, 2, 394, 1, 1, 208, 208, 221, 1.04, -0.03, -0.16, 9.50, 9.50, 9.75, 10.00, 10.25, 10.00, 10.50, 11.00, 8.75, 9.50, 9.50, 9.25, 9.50, 9.50, 10.00, 10.00, 7.25, 7.25, 8.75, 10.00, 9.25, 9.50, 10.25, 10.50, 6.75, 7.00, 8.50, 9.25, 9.50, 10.25, 9.75, 9.75, 8.50, 6.50, 7.50, 9.00, 9.25, 9.50, 10.75, 10.25, 8.25, 6.50, 7.50, 8.75, 9.25, 9.25, 10.25, 9.75, 10.00, 7.50, 6.50, 9.25, 9.75, 10.25, 9.00, 9.75, 9.75, 8.00, 7.25, 8.25, 9.00, 9.50, 10.00, 11.25, 1
46.80, 18.60, 2, 394, 1, 1, 208, 208, 221, 1.04, -0.03, -0.16, 9.50, 9.50, 9.50, 9.50, 10.50, 10.25, 10.75, 10.50, 9.50, 9.25, 9.00, 9.25, 10.00, 9.50, 10.00, 10.00, 8.00, 7.75, 9.00, 9.50, 9.25, 10.00, 10.25, 9.75, 6.75, 7.25, 8.25, 9.00, 9.25, 10.00, 10.00, 9.75, 8.25, 7.00, 7.75, 8.75, 9.25, 10.00, 10.25, 10.75, 7.75, 6.50, 7.25, 8.25, 9.25, 9.50, 10.00, 9.50, 8.50, 7.25, 6.25, 8.75, 9.00, 9.75, 9.00, 9.50, 9.50, 8.25, 7.25, 8.50, 9.25, 10.25, 10.00, 10.75, 1
46.80, 18.60, 299, 396, 1, 1, 208, 208, 221, 1.03, -0.03, -0.17, 8.75, 9.00, 8.75, 9.00, 9.00, 9.50, 10.00, 10.50, 8.75, 9.00, 8.75, 9.00, 9.50, 8.50, 9.75, 9.25, 7.00, 7.25, 8.25, 8.50, 8.75, 9.00, 9.50, 9.75, 7.25, 7.00, 8.00, 8.00, 9.00, 9.25, 9.25, 9.50, 7.50, 6.00, 7.00, 8.50, 9.00, 9.50, 10.00, 10.00, 7.25, 6.00, 7.00, 7.75, 8.25, 9.00, 9.25, 9.00, 8.75, 7.00, 6.00, 7.75, 8.50, 8.50, 8.75, 8.75, 9.00, 7.75, 6.25, 8.50, 8.25, 9.00, 9.50, 10.25, 4
46.80, 18.60, 7, 405, 1, 0, 208, 208, 221, 1.04, -0.03, -0.16, 8.75, 8.50, 8.50, 9.25, 9.50, 10.00, 10.00, 10.25, 8.25, 9.25, 8.75, 8.25, 8.75, 9.25, 9.75, 9.00, 6.50, 7.00, 8.50, 8.75, 8.75, 8.75, 9.50, 9.50, 6.50, 6.50, 7.50, 8.50, 8.50, 9.25, 9.50, 9.50, 7.50, 6.25, 7.00, 9.25, 9.00, 8.75, 9.50, 10.50, 7.50, 6.00, 6.75, 7.75, 8.50, 9.50, 9.25, 9.00, 8.50, 7.25, 6.25, 8.25, 8.75, 9.50, 9.50, 9.50, 9.50, 7.75, 6.00, 8.50, 8.25, 9.00, 10.25, 10.50, 4
46.80, 18.60, 3, 392, 1, 0, 208, 208, 221, 1.04, -0.03, -0.16, 9.75, 9.00, 9.50, 9.25, 9.75, 9.50, 10.50, 11.00, 9.00, 9.00, 8.75, 9.25, 9.50, 9.75, 9.50, 10.00, 7.75, 7.50, 8.50, 9.75, 9.50, 9.50, 9.75, 9.50, 6.75, 6.75, 8.25, 9.00, 9.25, 9.50, 9.50, 9.75, 8.00, 6.50, 7.75, 8.75, 8.75, 9.25, 9.50, 9.75, 7.75, 6.75, 7.00, 8.50, 8.50, 9.75, 9.75, 9.00, 8.75, 7.00, 6.25, 8.00, 9.25, 9.50, 9.25, 9.50, 9.00, 7.75, 6.75, 8.00, 8.75, 8.75, 10.00, 10.50, 4
46.80, 18.60, 2, 398, 1, 0, 208, 208, 221, 1.04, -0.03, -0.15, 9.00, 9.75, 9.50, 9.75, 9.25, 10.25, 10.75, 11.25, 9.00, 9.75, 9.00, 9.50, 9.75, 9.75, 10.25, 10.25, 7.00, 7.75, 9.00, 9.25, 9.00, 9.75, 10.50, 10.00, 7.50, 7.00, 8.50, 9.50, 9.50, 9.75, 10.75, 9.25, 8.00, 7.00, 7.75, 8.75, 9.50, 10.25, 10.25, 10.25, 8.25, 6.75, 7.50, 8.75, 9.25, 9.25, 10.25, 10.00, 9.25, 6.50, 6.50, 8.75, 9.00, 9.00, 9.00, 9.50, 8.75, 8.50, 7.25, 8.25, 9.00, 9.00, 10.50, 10.25, 1
46.90, 18.60, 2, 393, 1, 0, 207, 208, 221, 1.03, -0.03, -0.15, 9.50, 9.75, 9.50, 10.25, 10.00, 10.25, 10.00, 11.00, 9.00, 9.25, 9.75, 9.75, 9.50, 9.25, 9.75, 10.00, 7.25, 7.50, 8.75, 9.75, 9.25, 9.25, 10.25, 10.50, 7.25, 7.25, 8.75, 9.25, 9.25, 10.00, 10.25, 9.50, 8.25, 6.50, 7.75, 9.00, 9.25, 9.75, 10.25, 10.75, 8.25, 6.50, 7.50, 9.00, 9.00, 9.75, 10.25, 9.75, 9.25, 7.25, 6.25, 8.75, 9.00, 9.00, 9.25, 9.50, 8.50, 8.25, 6.75, 8.50, 8.75, 8.75, 10.25, 10.75, 1
46.90, 18.60, 2, 402, 1, 0, 208, 208, 221, 1.04, -0.02, -0.16, 9.25, 9.25, 10.25, 10.25, 9.25, 10.00, 10.75, 11.25, 9.50, 9.25, 9.25, 9.75, 9.75, 9.75, 10.00, 10.00, 7.50, 7.75, 8.50, 9.75, 8.50, 9.75, 10.25, 10.00, 7.00, 7.00, 8.75, 9.50, 9.50, 10.00, 9.75, 9.50, 8.25, 7.00, 7.75, 9.00, 9.50, 10.00, 10.50, 10.25, 8.00, 6.50, 8.00, 8.75, 9.25, 9.25, 10.25, 9.75, 9.25, 7.50, 6.50, 8.75, 9.25, 9.50, 9.00, 9.50, 10.00, 8.50, 7.25, 7.75, 8.75, 9.00, 10.25, 10.50, 1
46.90, 18.60, 3, 406, 1, 0, 209, 208, 221, 1.04, -0.03, -0.16, 9.00, 9.25, 9.75, 9.25, 9.50, 10.00, 10.50, 10.50, 9.50, 9.25, 9.25, 9.25, 9.75, 9.50, 10.00, 9.50, 7.50, 7.25, 9.00, 9.50, 8.75, 9.50, 9.75, 9.75, 6.75, 6.50, 8.25, 8.75, 9.50, 9.75, 10.25, 9.50, 8.50, 6.25, 7.50, 9.25, 9.25, 9.50, 10.25, 10.50, 8.00, 6.25, 7.25, 8.50, 9.50, 9.25, 10.25, 10.25, 9.50, 7.00, 6.75, 8.25, 8.50, 9.25, 9.25, 9.25, 9.50, 8.00, 6.75, 8.00, 8.75, 9.00, 10.00, 10.25, 1
46.90, 18.50, 2, 400, 1, 0, 208, 208, 221, 1.04, -0.03, -0.16, 9.25, 9.00, 9.25, 9.75, 9.50, 9.75, 10.00, 10.50, 9.00, 8.75, 8.75, 9.25, 9.50, 9.25, 9.50, 9.25, 7.25, 7.00, 8.25, 9.50, 8.50, 9.50, 10.25, 10.25, 7.25, 6.50, 8.75, 8.25, 9.00, 9.50, 9.25, 9.75, 7.75, 6.50, 7.50, 9.00, 9.00, 9.75, 9.75, 10.25, 8.00, 6.75, 7.25, 8.50, 9.00, 9.50, 10.25, 9.75, 8.75, 6.75, 6.25, 8.25, 9.25, 9.50, 9.00, 9.50, 9.50, 8.00, 7.00, 7.75, 8.50, 9.00, 9.75, 11.00, 1
46.90, 18.50, 2, 397, 1, 0, 208, 208, 221, 1.04, -0.03, -0.16, 8.75, 9.75, 9.50, 10.25, 9.25, 10.00, 10.00, 10.25, 9.25, 9.50, 8.75, 9.50, 9.25, 9.00, 9.75, 10.00, 7.50, 7.75, 8.75, 9.50, 9.00, 9.75, 10.00, 9.75, 6.75, 7.50, 8.00, 8.75, 9.75, 9.75, 9.75, 9.75, 8.00, 6.50, 7.50, 8.75, 9.25, 9.50, 9.50, 10.00, 7.75, 6.50, 7.50, 8.50, 8.50, 9.50, 10.00, 9.75, 9.00, 7.25, 7.00, 8.50, 9.50, 9.25, 9.75, 9.50, 9.50, 8.50, 6.75, 8.25, 8.75, 9.75, 10.00, 10.50, 1
46.90, 18.50, 2, 408, 1, 1, 208, 208, 221, 1.04, -0.03, -0.15, 9.50, 9.25, 9.25, 9.50, 9.75, 10.25, 10.50, 10.50, 9.00, 9.25, 9.50, 9.50, 9.25, 9.75, 9.50, 10.25, 7.00, 7.25, 9.00, 9.50, 8.75, 9.75, 10.25, 10.00, 7.25, 6.75, 9.00, 9.00, 9.75, 10.00, 10.25, 10.00, 7.75, 6.75, 7.50, 8.75, 9.50, 9.75, 10.75, 10.50, 8.50, 5.75, 7.50, 8.25, 9.00, 9.25, 10.25, 9.25, 9.00, 7.75, 6.75, 9.00, 9.00, 9.50, 9.50, 9.75, 10.00, 8.25, 7.00, 8.75, 8.75, 9.25, 10.50, 10.75, 1
47.00, 18.50, 2, 402, 1, 1, 208, 209, 221, 1.04, -0.03, -0.15, 9.75, 9.50, 9.75, 9.50, 10.00, 10.00, 10.50, 11.25, 9.00, 9.75, 9.25, 9.75, 9.50, 9.50, 10.00, 10.00, 7.50, 7.75, 8.50, 9.25, 9.50, 9.25, 10.25, 10.25, 6.75, 7.00, 8.25, 9.25, 9.75, 10.00, 10.00, 9.75, 8.00, 6.50, 7.75, 8.75, 9.75, 10.25, 10.75, 10.25, 8.00, 7.00, 7.50, 9.25, 9.50, 10.00, 10.50, 10.25, 9.50, 7.50, 6.75, 9.00, 9.75, 9.50, 9.00, 10.00, 10.00, 8.25, 7.00, 8.00, 8.75, 9.50, 10.75, 11.00, 1
47.00, 18.50, 2, 398, 1, 1, 208, 208, 221, 1.04, -0.03, -0.15, 9.75, 9.75, 10.00, 10.25, 10.25, 10.25, 11.00, 11.25, 9.75, 9.50, 8.75, 9.75, 10.50, 9.75, 10.50, 10.00, 7.75, 8.00, 9.25, 9.75, 9.25, 10.00, 10.50, 10.75, 7.75, 7.25, 9.00, 9.50, 10.00, 10.75, 10.25, 10.50, 8.25, 6.75, 7.75, 9.50, 9.75, 10.50, 10.75, 10.75, 8.25, 7.50, 8.00, 9.00, 9.75, 10.00, 11.00, 10.50, 9.50, 7.75, 6.50, 9.00, 9.50, 10.25, 9.25, 10.00, 9.75, 8.50, 7.50, 9.00, 9.50, 9.25, 10.00, 11.75, 1
47.00, 18.50, 2, 405, 1, 1, 208, 208, 221, 1.04, -0.03, -0.16, 9.50, 9.50, 10.00, 10.00, 10.25, 10.50, 11.25, 11.25, 9.25, 10.25, 9.50, 9.75, 10.50, 10.00, 10.25, 10.50, 7.75, 8.50, 9.25, 9.75, 9.75, 10.25, 10.50, 10.75, 7.75, 7.25, 9.25, 9.25, 10.00, 10.00, 10.25, 10.25, 8.25, 6.75, 8.25, 9.75, 9.75, 10.50, 10.75, 11.00, 9.00, 7.75, 7.75, 9.25, 10.00, 10.00, 11.00, 10.25, 10.00, 7.50, 7.25, 9.00, 9.75, 10.25, 9.75, 10.00, 9.50, 9.00, 7.25, 8.50, 9.25, 9.75, 11.25, 11.25, 1
47.10, 18.50, 2, 399, 1, 1, 208, 208, 221, 1.04, -0.03, -0.15, 9.75, 10.00, 10.25, 10.00, 9.50, 10.75, 10.75, 11.25, 9.50, 9.75, 9.50, 9.75, 10.00, 10.00, 10.50, 10.00, 7.75, 8.00, 8.75, 10.00, 10.00, 10.00, 10.75, 10.75, 7.75, 7.75, 8.75, 9.00, 10.00, 10.25, 10.25, 10.25, 8.50, 7.25, 8.00, 9.50, 9.75, 10.25, 10.75, 11.25, 8.25, 7.00, 7.75, 9.00, 9.75, 10.25, 11.25, 10.00, 9.75, 7.50, 7.00, 9.00, 9.75, 10.25, 9.50, 10.25, 10.00, 8.75, 7.50, 8.75, 9.50, 9.75, 10.25, 11.50, 1
47.10, 18.50, 5, 389, 1, 1, 208, 208, 221, 1.05, -0.02, -0.15, 10.00, 10.00, 10.00, 10.50, 10.75, 10.50, 11.25, 11.50, 9.25, 9.75, 10.00, 10.25, 10.75, 10.25, 10.75, 10.75, 8.00, 8.50, 9.00, 10.25, 10.00, 10.25, 11.00, 10.75, 7.25, 7.75, 9.00, 9.50, 10.25, 10.75, 10.50, 10.25, 8.75, 7.00, 8.50, 9.75, 9.75, 10.50, 10.75, 11.25, 8.50, 7.25, 7.75, 9.00, 10.25, 10.50, 11.00, 10.00, 9.50, 7.75, 7.25, 9.25, 10.00, 10.25, 9.75, 9.75, 10.50, 8.75, 8.00, 9.00, 10.00, 10.00, 10.75, 11.75, 1
47.10, 18.50, 2, 407, 1, 1, 208, 208, 221, 1.04, -0.03, -0.15, 10.50, 10.50, 10.50, 10.75, 10.25, 10.75, 11.25, 11.50, 10.25, 9.50, 10.00, 10.00, 10.50, 10.25, 10.75, 11.25, 9.00, 9.00, 9.75, 10.25, 10.00, 10.50, 11.50, 11.25, 8.25, 8.25, 9.25, 10.50, 10.75, 10.75, 11.25, 10.75, 9.25, 8.25, 8.75, 10.00, 10.25, 11.25, 11.50, 11.25, 9.25, 7.50, 9.00, 9.75, 10.50, 10.50, 11.25, 11.00, 9.75, 8.50, 8.00, 9.75, 10.50, 10.50, 10.25, 10.75, 10.50, 9.50, 8.00, 9.25, 9.50, 10.25, 11.25, 12.50, 1
47.10, 18.40, 3, 393, 1, 1, 207, 208, 221, 1.04, -0.03, -0.15, 9.75, 10.50, 10.50, 10.50, 10.75, 11.25, 11.25, 12.25, 10.00, 10.25, 10.25, 10.25, 10.50, 10.25, 11.00, 11.00, 7.75, 8.25, 10.00, 10.50, 9.75, 10.25, 10.75, 11.25, 8.00, 7.75, 9.75, 10.50, 10.25, 11.00, 11.25, 10.75, 9.00, 7.25, 8.75, 9.50, 10.00, 11.00, 10.75, 11.25, 8.50, 7.75, 8.25, 9.75, 10.00, 10.25, 10.75, 10.75, 10.50, 8.00, 7.50, 9.25, 10.00, 10.50, 10.25, 11.00, 9.75, 8.50, 8.00, 8.75, 9.75, 10.25, 11.75, 11.75, 1
47.10, 18.40, 3, 397, 1, 1, 208, 208, 221, 1.04, -0.03, -0.15, 9.75, 10.00, 10.25, 10.25, 10.25, 11.00, 11.00, 11.25, 10.00, 10.00, 9.75, 10.25, 10.50, 9.75, 10.50, 10.50, 7.25, 8.50, 9.50, 10.00, 10.25, 10.00, 10.50, 11.00, 7.25, 8.25, 9.25, 10.00, 10.00, 11.00, 10.25, 10.75, 8.00, 7.75, 8.50, 9.25, 9.75, 10.50, 10.75, 11.25, 8.75, 7.75, 7.50, 9.25, 9.75, 10.25, 10.75, 10.75, 10.25, 8.25, 7.25, 9.75, 9.50, 10.75, 10.25, 10.75, 9.75, 9.25, 7.75, 9.25, 9.25, 10.00, 11.25, 11.50, 1
47.10, 18.40, 2, 394, 1, 1, 207, 208, 221, 1.03, -0.03, -0.16, 9.50, 10.25, 10.00, 9.75, 10.75, 10.50, 10.75, 11.25, 9.75, 10.25, 9.50, 10.00, 10.25, 9.50, 10.50, 10.50, 8.50, 7.75, 9.00, 9.75, 9.75, 10.00, 10.50, 11.00, 8.00, 7.50, 9.25, 9.50, 9.75, 10.25, 10.00, 10.25, 8.75, 7.25, 8.25, 9.75, 9.50, 10.75, 11.00, 10.75, 8.75, 7.50, 7.75, 8.50, 10.00, 10.00, 11.00, 11.00, 10.00, 7.75, 6.75, 9.00, 9.75, 9.75, 9.25, 10.75, 10.00, 9.25, 7.25, 8.50, 9.25, 9.75, 11.00, 10.75, 1
47.20, 18.40, 4, 399, 1, 1, 207, 208, 221, 1.04, -0.03, -0.16, 9.75, 9.75, 10.00, 10.00, 10.00, 9.75, 10.50, 10.75, 9.75, 9.25, 9.25, 9.50, 10.25, 10.25, 10.50, 10.00, 8.00, 8.25, 9.50, 9.75, 9.75, 9.75, 10.25, 11.25, 7.50, 7.75, 9.00, 9.50, 9.50, 10.00, 10.25, 10.50, 8.50, 7.00, 8.50, 9.25, 9.50, 10.50, 10.75, 11.00, 8.50, 7.50, 8.25, 9.25, 9.50, 10.00, 10.75, 10.00, 10.00, 7.75, 7.00, 9.25, 9.75, 10.00, 10.00, 10.75, 9.25, 8.25, 6.50, 8.50, 9.25, 10.00, 10.50, 11.75, 1
47.20, 18.40, 19, 405, 1, 1, 208, 208, 221, 1.04, -0.02, -0.16, 10.00, 10.25, 9.75, 10.00, 10.25, 10.25, 10.75, 11.25, 9.50, 10.00, 9.75, 9.50, 10.00, 9.75, 10.00, 10.25, 8.00, 7.75, 9.25, 9.50, 10.00, 10.00, 10.25, 10.75, 7.25, 7.50, 8.75, 9.75, 9.75, 10.25, 10.25, 10.00, 7.50, 7.00, 7.75, 9.25, 9.25, 10.50, 10.50, 11.25, 8.25, 7.25, 7.50, 9.25, 9.50, 10.25, 10.25, 10.75, 9.75, 7.75, 6.75, 8.75, 9.25, 10.00, 9.75, 10.25, 10.00, 9.00, 7.50, 8.50, 9.25, 9.00, 10.75, 10.75, 3
47.20, 18.40, 2, 402, 1, 1, 208, 209, 221, 1.04, -0.03, -0.15, 9.25, 9.50, 9.25, 9.75, 9.50, 10.25, 10.50, 11.25, 9.75, 9.75, 9.75, 9.75, 9.75, 9.75, 10.50, 10.25, 7.25, 8.25, 9.00, 9.75, 9.25, 10.00, 10.50, 11.00, 7.25, 7.50, 8.75, 9.00, 9.50, 10.00, 10.50, 9.50, 8.75, 7.00, 8.00, 9.50, 9.75, 9.50, 10.50, 10.50, 8.00, 7.00, 8.00, 9.25, 9.50, 10.00, 10.75, 10.75, 9.25, 7.25, 7.25, 8.75, 9.50, 10.25, 9.75, 10.00, 10.00, 8.75, 7.50, 8.75, 9.25, 9.50, 10.50, 11.75, 3
47.30, 18.40, 2, 410, 1, 1, 208, 208, 221, 1.04, -0.03, -0.16, 9.50, 10.00, 9.50, 10.00, 9.75, 10.50, 10.50, 11.00, 10.00, 9.75, 9.25, 9.50, 10.25, 9.75, 10.00, 10.25, 7.75, 7.75, 9.00, 9.75, 9.50, 9.50, 10.50, 10.50, 7.75, 7.50, 9.00, 9.00, 9.50, 10.25, 10.25, 10.00, 8.75, 7.00, 8.00, 9.75, 9.75, 10.25, 10.25, 10.75, 8.75, 7.50, 8.00, 9.00, 9.75, 9.50, 10.50, 10.25, 9.75, 7.25, 6.50, 9.50, 9.75, 10.50, 9.25, 10.00, 10.50, 8.75, 8.25, 8.25, 9.00, 9.75, 10.50, 10.75, 3
47.30, 18.40, 2, 410, 1, 1, 208, 208, 221, 1.03, -0.03, -0.16, 9.25, 9.00, 9.25, 9.50, 9.50, 9.75, 10.50, 11.00, 8.75, 9.50, 9.00, 9.25, 9.75, 9.25, 9.75, 10.25, 7.75, 7.50, 9.25, 9.25, 9.25, 9.50, 10.00, 10.00, 7.25, 6.50, 8.50, 8.75, 9.50, 9.00, 10.00, 9.50, 8.00, 6.50, 7.25, 8.50, 9.00, 9.50, 10.00, 10.25, 8.25, 6.25, 7.25, 8.00, 8.50, 9.75, 10.50, 9.25, 9.00, 7.25, 6.50, 8.75, 9.00, 9.50, 9.00, 9.25, 9.75, 8.50, 7.00, 8.25, 8.75, 8.75, 10.25, 10.50, 3
47.30, 18.40, 2, 400, 1, 1, 207, 208, 221, 1.04, -0.03, -0.16, 9.00, 9.25, 9.25, 9.25, 9.50, 10.00, 10.00, 10.00, 9.00, 8.75, 8.75, 8.75, 9.25, 9.50, 9.25, 9.75, 6.75, 7.00, 7.75, 8.75, 8.50, 9.25, 9.75, 9.50, 6.75, 6.25, 8.00, 8.25, 9.25, 9.25, 9.00, 9.50, 7.75, 6.50, 7.50, 8.00, 8.75, 9.25, 10.25, 10.00, 8.00, 6.25, 6.50, 8.00, 8.25, 9.25, 10.25, 9.75, 9.00, 7.50, 6.00, 8.75, 9.00, 9.75, 9.00, 10.00, 9.75, 8.00, 6.25, 8.25, 8.75, 9.00, 10.25, 10.50, 1
47.30, 18.30, 2, 398, 1, 1, 208, 208, 221, 1.04, -0.03, -0.16, 8.50, 8.75, 8.75, 9.25, 9.25, 9.25, 9.75, 10.50, 8.75, 8.50, 9.00, 8.75, 9.25, 9.00, 9.25, 9.75, 6.75, 7.25, 8.25, 8.50, 8.50, 8.75, 9.75, 9.50, 6.50, 6.50, 7.75, 8.50, 8.75, 9.25, 9.00, 9.25, 8.25, 6.00, 6.75, 8.00, 8.25, 9.25, 10.00, 9.75, 7.50, 6.25, 7.00, 7.75, 8.50, 9.25, 9.75, 9.50, 9.00, 6.50, 6.00, 8.00, 8.25, 9.25, 9.50, 9.50, 9.75, 8.00, 6.50, 7.75, 8.75, 8.75, 10.00, 10.50, 1
47.30, 18.30, 3, 400, 1, 1, 208, 208, 221, 1.04, -0.02, -0.15, 9.25, 9.25, 9.00, 9.25, 9.75, 9.00, 10.50, 10.00, 8.50, 9.00, 8.75, 9.00, 9.25, 9.00, 9.25, 9.75, 7.00, 7.00, 8.50, 8.75, 9.00, 9.00, 9.50, 9.50, 7.00, 7.25, 8.00, 8.25, 9.50, 9.50, 9.75, 9.25, 8.25, 6.00, 7.25, 8.50, 8.75, 9.00, 10.00, 9.75, 8.00, 6.75, 7.00, 8.25, 9.00, 8.50, 10.00, 9.25, 9.50, 7.25, 6.00, 8.50, 9.00, 9.00, 9.25, 9.75, 9.50, 8.25, 7.00, 8.50, 8.75, 9.25, 10.25, 11.00, 1
47.30, 18.30, 2, 402, 1, 1, 208, 208, 221, 1.05, -0.03, -0.15, 9.50, 9.50, 9.25, 9.25, 9.75, 9.50, 10.50, 9.75, 8.50, 9.25, 9.25, 9.25, 8.75, 9.00, 9.50, 10.00, 7.00, 7.50, 8.25, 9.50, 8.75, 9.25, 9.50, 10.00, 7.50, 7.00, 8.25, 8.50, 9.25, 9.75, 9.50, 9.50, 8.75, 7.00, 7.75, 8.50, 8.75, 9.50, 10.50, 10.50, 8.00, 6.25, 7.25, 8.50, 9.50, 9.25, 10.25, 9.75, 9.25, 7.25, 6.00, 8.00, 9.00, 9.00, 8.75, 9.50, 10.00, 8.25, 7.00, 8.50, 8.75, 9.25, 10.00, 10.25, 1
47.50, 18.30, 2, 404, 1, 1, 208, 209, 221, 1.03, -0.02, -0.15, 9.50, 9.00, 9.25, 10.00, 9.00, 9.50, 10.00, 10.00, 8.50, 9.00, 8.75, 9.00, 9.75, 9.25, 9.50, 9.50, 7.25, 7.50, 8.50, 9.00, 8.75, 9.25, 10.25, 9.25, 7.00, 7.25, 8.25, 8.75, 9.25, 9.75, 9.75, 9.00, 7.75, 6.25, 6.75, 8.25, 8.75, 9.50, 10.00, 10.00, 8.75, 6.75, 7.50, 8.00, 9.00, 9.25, 10.00, 9.50, 9.50, 6.50, 6.00, 8.25, 9.00, 10.00, 8.75, 10.00, 9.75, 8.75, 7.50, 8.00, 8.75, 8.50, 10.50, 10.75, 1
47.50, 18.30, 2, 389, 1, 1, 208, 208, 221, 1.04, -0.03, -0.14, 8.75, 9.25, 9.75, 9.75, 9.75, 9.50, 10.25, 10.75, 8.50, 9.00, 9.00, 8.75, 9.25, 9.25, 9.50, 9.00, 7.25, 7.50, 8.25, 8.75, 9.00, 9.50, 10.25, 10.25, 6.50, 6.75, 8.50, 9.00, 8.75, 9.25, 9.50, 9.50, 8.00, 6.75, 7.00, 8.50, 8.75, 9.25, 10.25, 10.50, 8.50, 6.25, 7.25, 8.00, 8.75, 9.00, 10.25, 9.75, 9.25, 7.25, 6.25, 8.25, 9.50, 9.50, 8.25, 9.50, 9.25, 7.75, 7.50, 7.75, 8.50, 9.00, 10.25, 10.25, 1
47.50, 18.30, 12, 406, 1, 1, 208, 208, 221, 1.04, -0.03, -0.17, 9.50, 9.00, 8.50, 9.00, 9.00, 9.50, 9.75, 9.75, 9.00, 9.00, 8.50, 8.75, 9.00, 9.00, 9.25, 8.75, 6.50, 6.75, 8.00, 9.00, 8.00, 8.00, 9.00, 10.00, 7.00, 6.00, 8.00, 8.25, 8.75, 9.25, 9.25, 8.75, 7.00, 5.75, 7.25, 7.75, 8.50, 8.75, 9.75, 10.00, 7.50, 5.50, 6.50, 8.25, 8.50, 8.75, 9.50, 9.25, 8.75, 6.25, 5.75, 8.00, 8.25, 8.50, 8.25, 9.00, 9.00, 7.25, 7.25, 8.00, 8.50, 8.75, 10.00, 10.00, 1
47.60, 18.30, 7, 389, 1, 1, 208, 208, 221, 1.04, -0.03, -0.16, 8.50, 8.75, 8.75, 9.00, 9.25, 9.25, 10.50, 11.25, 8.75, 9.25, 8.75, 8.75, 8.75, 9.25, 9.75, 9.25, 7.00, 7.00, 8.00, 9.25, 8.25, 8.50, 9.25, 9.50, 6.00, 6.25, 7.75, 8.00, 9.00, 9.00, 9.50, 9.00, 7.25, 6.50, 6.75, 8.25, 8.50, 9.25, 9.50, 9.75, 7.25, 6.25, 7.00, 8.25, 8.50, 8.50, 9.75, 9.00, 9.00, 7.50, 5.50, 7.50, 9.25, 9.25, 8.00, 8.75, 9.00, 7.75, 6.50, 7.75, 8.50, 8.25, 10.00, 9.50, 1
47.60, 18.30, 2, 403, 1, 1, 208, 208, 221, 1.04, -0.03, -0.15, 9.00, 9.00, 8.75, 9.00, 9.00, 9.25, 9.25, 10.00, 8.25, 8.50, 8.50, 8.50, 9.00, 8.75, 9.00, 9.50, 6.50, 6.75, 7.75, 8.75, 8.25, 8.75, 9.25, 9.25, 6.25, 7.25, 7.75, 8.25, 8.25, 9.50, 8.50, 9.25, 7.75, 5.75, 6.50, 7.75, 7.75, 9.25, 9.50, 10.00, 7.50, 5.75, 7.00, 7.50, 8.50, 8.75, 9.75, 9.25, 8.75, 6.75, 6.25, 7.75, 7.75, 8.75, 8.50, 8.75, 9.00, 7.25, 5.50, 8.25, 8.50, 8.25, 9.50, 9.75, 1
47.60, 18.30, 2, 398, 1, 1, 208, 208, 221, 1.04, -0.03, -0.15, 8.25, 8.25, 8.75, 9.00, 8.50, 9.25, 9.25, 10.50, 8.75, 8.50, 8.50, 8.00, 9.00, 9.00, 9.25, 9.00, 6.50, 6.50, 7.50, 8.50, 8.25, 8.25, 9.25, 9.25, 6.75, 6.25, 8.00, 8.00, 8.50, 9.00, 9.00, 9.00, 7.25, 5.75, 6.50, 8.00, 8.00, 8.25, 9.00, 9.25, 7.00, 5.50, 5.75, 7.25, 7.50, 8.75, 10.00, 9.00, 8.50, 6.25, 5.50, 7.50, 8.00, 8.50, 8.50, 8.00, 9.00, 7.75, 6.50, 7.50, 8.25, 8.75, 9.75, 9.75, 1
47.70, 18.30, 3, 392, 1, 1, 208, 208, 221, 1.04, -0.03, -0.16, 8.25, 8.25, 8.00, 8.25, 8.50, 9.00, 9.50, 9.50, 8.00, 8.50, 8.25, 7.75, 8.75, 8.75, 9.00, 8.75, 6.25, 6.25, 7.50, 8.50, 7.25, 8.25, 8.50, 8.75, 6.00, 6.00, 7.00, 7.75, 8.75, 8.75, 8.50, 8.25, 7.00, 5.50, 6.50, 7.75, 8.00, 8.50, 9.25, 9.50, 7.25, 5.25, 6.50, 7.50, 8.00, 8.00, 9.25, 8.75, 8.75, 6.25, 5.00, 7.50, 7.75, 8.25, 8.25, 8.75, 9.25, 7.00, 5.75, 7.00, 8.25, 8.75, 10.25, 9.50, 1
47.70, 18.30, 2, 408, 1, 1, 208, 208, 221, 1.04, -0.03, -0.14, 8.00, 8.50, 8.00, 8.75, 8.25, 8.75, 9.25, 10.00, 8.00, 7.75, 8.75, 7.75, 8.75, 8.25, 8.75, 8.50, 6.50, 6.75, 7.00, 8.25, 7.75, 8.25, 9.00, 9.25, 6.50, 6.25, 7.50, 7.75, 8.25, 8.75, 8.75, 8.25, 6.75, 5.25, 6.50, 7.00, 8.25, 8.50, 9.00, 9.25, 6.75, 5.25, 6.00, 7.25, 7.75, 8.50, 9.25, 8.75, 9.00, 6.00, 5.75, 7.50, 8.50, 8.50, 7.75, 8.75, 9.00, 7.25, 5.50, 7.50, 8.00, 8.00, 9.25, 9.25, 1
47.70, 18.30, 2, 402, 1, 1, 208, 208, 221, 1.04, -0.02, -0.16, 8.25, 8.50, 8.50, 8.75, 9.00, 9.00, 9.50, 9.50, 8.25, 8.75, 8.00, 8.25, 9.00, 8.25, 9.00, 8.25, 6.25, 7.00, 7.00, 8.50, 8.00, 8.75, 9.25, 9.50, 6.00, 6.25, 7.50, 7.75, 8.75, 8.50, 9.00, 8.75, 7.25, 6.25, 6.50, 7.75, 8.25, 8.75, 9.25, 9.50, 7.75, 5.50, 6.50, 7.75, 8.00, 8.00, 9.75, 9.00, 8.75, 6.25, 5.50, 7.75, 8.25, 8.25, 8.25, 9.25, 9.75, 7.25, 6.00, 7.25, 8.50, 8.50, 10.25, 10.50, 1
47.80, 18.30, 2, 389, 1, 1, 208, 208, 221, 1.04, -0.02, -0.16, 9.00, 9.00, 8.50, 8.75, 8.75, 8.75, 9.25, 9.50, 8.75, 8.50, 7.75, 8.00, 9.25, 8.75, 9.00, 9.00, 6.25, 7.25, 7.25, 8.25, 8.00, 8.50, 9.00, 9.50, 6.50, 6.50, 7.50, 8.50, 8.25, 8.75, 9.25, 8.75, 7.25, 5.25, 6.25, 7.75, 8.25, 9.25, 9.25, 9.50, 7.50, 6.00, 6.25, 7.75, 8.25, 8.50, 9.75, 8.75, 8.75, 6.75, 5.75, 7.50, 8.50, 8.50, 8.25, 9.25, 9.25, 7.25, 6.00, 7.75, 8.00, 8.25, 9.00, 10.00, 1
47.80, 18.30, 2, 406, 1, 1, 208, 208, 221, 1.04, -0.03, -0.15, 8.75, 9.25, 8.50, 8.50, 8.50, 8.75, 9.50, 9.75, 7.75, 8.00, 7.75, 8.00, 8.50, 8.50, 8.75, 8.75, 6.75, 6.75, 7.50, 8.00, 8.25, 8.25, 9.00, 9.00, 6.25, 5.75, 7.25, 7.50, 8.75, 9.00, 8.75, 8.25, 6.75, 5.25, 6.25, 7.75, 7.75, 8.25, 9.25, 9.25, 7.50, 5.75, 6.50, 7.25, 7.75, 8.25, 9.50, 8.50, 8.50, 6.50, 5.50, 7.25, 7.75, 8.25, 8.00, 8.25, 8.50, 7.50, 7.00, 7.25, 8.25, 8.75, 9.50, 9.75, 1
47.80, 18.30, 2, 400, 1, 1, 208, 208, 221, 1.03, -0.02, -0.15, 8.25, 8.25, 8.25, 8.50, 9.00, 8.25, 9.00, 9.25, 8.25, 8.25, 7.50, 8.00, 8.75, 8.00, 8.50, 9.00, 6.25, 6.75, 7.25, 8.25, 8.00, 8.25, 8.75, 8.75, 6.25, 6.00, 7.50, 7.75, 8.25, 8.50, 8.50, 8.50, 6.75, 5.75, 6.00, 7.50, 8.00, 8.00, 9.50, 9.00, 7.00, 5.25, 6.25, 7.00, 7.50, 8.50, 8.75, 8.25, 8.50, 6.25, 5.25, 7.25, 8.00, 8.50, 8.00, 9.00, 8.50, 6.75, 5.75, 7.50, 7.50, 8.75, 9.50, 9.25, 1
47.80, 18.20, 3, 392, 1, 1, 208, 208, 221, 1.03, -0.03, -0.15, 8.75, 8.50, 8.25, 8.75, 8.50, 8.50, 8.75, 9.25, 8.00, 8.25, 8.00, 8.00, 8.50, 8.75, 9.00, 9.00, 6.00, 6.75, 7.75, 8.25, 7.75, 8.50, 9.50, 9.50, 6.75, 6.50, 7.50, 8.25, 8.25, 9.00, 9.00, 8.50, 7.75, 5.25, 6.75, 7.50, 8.25, 8.75, 9.25, 9.00, 7.25, 6.00, 6.25, 7.50, 7.75, 8.50, 8.75, 9.00, 8.50, 6.00, 5.50, 7.75, 8.50, 8.75, 8.50, 8.75, 8.75, 7.50, 6.00, 7.00, 7.75, 7.75, 9.25, 10.00, 1
47.80, 18.20, 3, 405, 1, 1, 208, 208, 221, 1.04, -0.02, -0.15, 8.50, 8.50, 8.75, 8.75, 8.50, 8.50, 9.50, 9.50, 8.25, 8.25, 8.25, 8.50, 8.50, 8.50, 9.00, 9.25, 6.75, 7.00, 7.50, 8.50, 7.75, 8.75, 8.75, 9.00, 6.25, 5.75, 8.00, 7.75, 8.25, 8.50, 9.00, 8.50, 6.50, 6.00, 7.00, 7.50, 8.00, 9.00, 9.50, 9.25, 7.25, 5.50, 6.25, 7.50, 7.75, 8.50, 8.75, 9.00, 8.50, 6.50, 6.00, 7.75, 8.25, 8.50, 8.00, 8.50, 9.50, 6.75, 6.00, 8.00, 8.50, 9.25, 9.50, 10.00, 1
47.80, 18.20, 2, 398, 1, 1, 208, 208, 221, 1.04, -0.02, -0.15, 8.25, 8.75, 8.75, 9.50, 9.25, 9.25, 9.50, 9.75, 8.25, 8.75, 8.50, 8.50, 8.75, 9.00, 8.75, 9.00, 6.75, 6.50, 7.75, 8.50, 8.75, 8.50, 9.25, 9.00, 6.25, 6.50, 7.75, 7.75, 9.00, 8.75, 9.00, 9.25, 7.50, 5.50, 7.00, 8.50, 8.25, 8.75, 9.50, 9.75, 7.50, 5.75, 6.50, 7.50, 8.00, 8.50, 9.50, 9.50, 8.50, 6.75, 5.50, 7.25, 8.25, 8.75, 8.25, 9.00, 8.50, 8.00, 6.50, 7.75, 8.50, 9.00, 9.25, 10.25, 1
47.90, 18.20, 2, 394, 1, 1, 208, 208, 221, 1.04, -0.03, -0.15, 9.00, 8.75, 8.75, 9.25, 9.25, 9.50, 9.75, 10.00, 8.75, 8.75, 8.25, 9.25, 9.00, 8.50, 9.25, 9.75, 6.50, 7.00, 8.00, 8.75, 8.50, 8.75, 9.25, 9.75, 6.75, 5.75, 8.00, 8.25, 9.00, 8.75, 9.50, 9.25, 7.75, 6.50, 6.75, 7.75, 8.50, 9.00, 9.75, 10.00, 8.25, 6.75, 7.00, 7.75, 8.50, 9.00, 10.25, 9.25, 9.25, 7.00, 5.75, 8.50, 9.00, 9.25, 9.00, 9.25, 10.25, 8.00, 6.75, 8.25, 8.25, 9.00, 9.75, 10.50, 1
47.90, 18.20, 3, 406, 1, 1, 208, 208, 221, 1.04, -0.03, -0.16, 8.75, 8.75, 8.75, 9.25, 9.00, 9.00, 9.75, 9.50, 8.75, 8.75, 8.75, 8.75, 9.00, 8.75, 9.75, 9.00, 7.00, 7.00, 7.50, 9.00, 8.50, 9.00, 9.75, 9.25, 6.50, 6.00, 8.00, 8.75, 8.75, 9.00, 9.00, 9.25, 8.50, 6.00, 7.25, 8.25, 8.50, 9.00, 10.50, 10.00, 7.50, 6.50, 7.50, 8.25, 8.50, 9.00, 10.25, 9.50, 8.75, 6.75, 5.75, 8.00, 8.75, 9.00, 8.25, 9.00, 9.00, 7.50, 6.50, 8.00, 8.25, 9.00, 9.50, 10.25, 1
47.90, 18.20, 2, 396, 1, 1, 208, 208, 221, 1.04, -0.03, -0.16, 9.00, 9.50, 9.25, 9.25, 9.25, 9.75, 9.25, 9.75, 8.50, 8.75, 9.00, 8.75, 9.25, 8.75, 9.50, 8.75, 7.25, 7.50, 8.25, 9.00, 8.50, 9.00, 9.75, 9.50, 6.00, 6.75, 8.00, 8.25, 9.25, 9.00, 9.00, 9.75, 7.75, 6.50, 7.25, 8.25, 8.25, 9.25, 9.50, 9.50, 8.25, 6.50, 6.50, 8.50, 8.50, 8.75, 9.75, 9.25, 9.00, 7.00, 5.75, 8.50, 9.00, 9.25, 8.75, 9.25, 8.75, 8.00, 6.50, 7.75, 8.25, 8.50, 9.75, 9.75, 1