844, 0.00, 56.00, 0.00, 23.40, -1, 2, 5, 520, 0, 223, 224, 232, 1.05, -0.02, -0.16, 21.00, 21.00, 21.25, 23.50, 26.00, 24.00, 26.00, 27.25, 20.50, 21.00, 22.75, 25.50, 26.75, 22.75, 24.50, 25.25, 20.25, 21.00, 24.00, 24.00, 24.25, 21.75, 21.50, 23.00, 20.50, 21.50, 22.50, 23.75, 22.50, 21.50, 21.50, 21.50, 21.00, 20.50, 20.75, 21.75, 21.50, 21.25, 21.50, 22.00, 20.50, 21.00, 21.75, 21.50, 21.00, 22.25, 22.00, 22.00, 21.50, 21.25, 21.50, 21.00, 21.25, 21.25, 20.75, 21.50, 22.00, 21.75, 20.75, 21.25, 20.75, 20.75, 21.50, 21.25, 1
844, 0.00, 56.00, 0.00, 23.40, 1, 3, 88, 608, 0, 223, 224, 232, 1.04, -0.02, -0.17, 20.75, 21.25, 21.25, 25.00, 26.25, 24.25, 25.50, 26.00, 20.75, 21.25, 23.00, 24.75, 26.50, 22.25, 22.00, 23.75, 20.50, 21.25, 22.75, 24.00, 23.25, 21.75, 21.75, 21.75, 20.25, 20.75, 21.50, 21.00, 22.25, 21.75, 21.25, 21.00, 21.00, 21.50, 20.25, 21.25, 21.00, 21.25, 21.25, 21.25, 20.75, 20.75, 21.75, 21.50, 21.25, 21.00, 21.75, 22.00, 21.50, 21.25, 21.25, 20.75, 21.25, 20.75, 21.25, 21.25, 21.75, 22.50, 21.00, 21.25, 21.00, 21.25, 21.50, 22.00, 1
844, -0.10, 55.90, 0.00, 23.40, 1, 4, 3, 611, 0, 223, 224, 232, 1.03, -0.02, -0.17, 21.00, 21.50, 21.25, 25.25, 25.50, 24.25, 24.00, 25.25, 20.75, 21.50, 23.25, 23.75, 26.00, 22.25, 21.50, 22.50, 20.50, 21.25, 22.00, 23.25, 23.25, 21.25, 21.25, 21.75, 20.75, 20.75, 20.75, 21.50, 22.00, 21.50, 21.00, 21.25, 20.75, 20.75, 20.75, 21.50, 21.25, 21.00, 21.00, 21.75, 20.75, 20.75, 21.25, 21.25, 21.00, 21.50, 21.75, 21.75, 21.50, 21.25, 21.25, 21.00, 21.00, 21.25, 21.50, 21.50, 22.25, 22.00, 21.75, 21.50, 21.25, 20.75, 21.50, 21.50, 1
843, 0.00, 55.90, 0.00, 23.40, 10, 14, 0, 611, 0, 223, 224, 232, 1.08, -0.02, -0.18, 20.75, 21.25, 21.50, 25.00, 26.00, 24.00, 23.75, 25.25, 20.25, 21.50, 22.75, 24.25, 25.50, 22.25, 21.50, 21.50, 20.75, 21.25, 21.25, 22.75, 23.00, 21.50, 21.00, 21.25, 20.50, 20.75, 21.00, 21.50, 21.75, 21.25, 21.25, 21.00, 21.00, 20.50, 20.00, 21.75, 21.25, 21.00, 21.00, 21.00, 20.50, 20.50, 21.00, 21.50, 20.75, 20.75, 21.50, 21.50, 21.25, 21.25, 21.00, 20.75, 21.00, 21.00, 20.50, 21.25, 22.00, 22.00, 21.00, 21.50, 20.50, 20.50, 21.00, 21.25, 1
844, 0.00, 55.90, 0.00, 23.40, 21, 35, -89, 522, 0, 223, 224, 232, 1.04, -0.02, -0.16, 20.75, 21.75, 21.00, 22.50, 25.75, 24.25, 24.50, 25.75, 20.50, 21.25, 21.50, 24.50, 25.25, 21.75, 21.00, 22.50, 20.25, 20.50, 21.00, 22.75, 23.00, 21.00, 21.25, 22.00, 20.25, 20.75, 21.00, 21.25, 21.25, 21.25, 21.00, 21.00, 21.00, 20.75, 20.50, 21.50, 21.25, 21.50, 21.00, 21.25, 20.25, 20.75, 21.50, 21.25, 21.00, 21.25, 22.00, 21.00, 21.25, 21.50, 21.25, 20.75, 21.00, 21.25, 21.00, 21.50, 21.75, 22.00, 20.75, 20.75, 20.75, 20.75, 21.50, 21.50, 9
843, -0.20, 55.70, 0.00, 23.40, -15, 20, -6, 516, 0, 223, 223, 232, 1.04, -0.02, -0.17, 21.25, 20.25, 20.25, 20.50, 20.50, 21.50, 24.75, 25.25, 20.25, 21.00, 20.50, 20.25, 21.25, 21.75, 25.50, 24.50, 20.50, 20.75, 20.25, 21.00, 21.00, 23.00, 23.50, 22.00, 20.25, 20.75, 20.50, 21.25, 21.25, 21.75, 21.50, 21.25, 20.75, 20.50, 20.75, 21.25, 21.50, 21.00, 21.25, 21.50, 21.00, 21.00, 21.75, 21.00, 20.75, 21.00, 21.75, 21.25, 21.25, 21.50, 21.25, 21.25, 21.25, 21.75, 21.00, 21.75, 22.00, 21.75, 21.25, 21.25, 20.25, 20.75, 21.00, 22.25, 9
843, 0.00, 55.70, 0.00, 23.40, -4, 16, 0, 516, 0, 223, 224, 232, 1.04, -0.03, -0.17, 21.00, 20.75, 20.25, 20.75, 20.50, 21.25, 25.25, 25.75, 20.25, 21.25, 20.25, 20.75, 21.00, 21.25, 24.00, 23.25, 20.25, 20.50, 19.75, 21.00, 21.00, 21.00, 21.50, 21.50, 20.50, 20.50, 20.50, 21.25, 21.25, 21.50, 21.25, 21.00, 20.50, 20.50, 20.50, 21.75, 21.25, 21.50, 20.75, 21.50, 20.25, 21.00, 20.75, 21.00, 21.25, 20.75, 21.50, 21.00, 21.00, 21.50, 21.75, 21.00, 21.00, 20.50, 21.25, 21.25, 21.50, 21.75, 21.00, 20.75, 20.25, 20.50, 21.50, 21.25, 9
843, 0.00, 55.70, 0.00, 23.40, 8, 24, 1, 517, 0, 223, 224, 232, 1.05, -0.02, -0.17, 21.00, 20.50, 20.50, 20.25, 20.25, 21.50, 24.75, 25.00, 20.25, 21.00, 20.50, 20.50, 21.00, 21.75, 22.00, 22.00, 20.25, 20.25, 20.25, 20.75, 20.75, 20.75, 20.75, 21.50, 20.25, 20.50, 20.50, 20.75, 21.25, 20.75, 20.75, 20.75, 21.00, 20.00, 20.25, 21.00, 21.25, 21.00, 20.75, 21.25, 20.75, 20.50, 21.25, 20.75, 21.00, 21.50, 21.75, 21.50, 20.75, 21.25, 21.50, 20.50, 21.25, 21.00, 21.00, 21.50, 22.00, 22.00, 21.50, 20.50, 20.25, 20.50, 20.50, 21.25, 9
843, -0.20, 55.50, 0.00, 23.40, -1, 23, 0, 517, 0, 223, 223, 232, 1.04, -0.02, -0.18, 21.00, 20.50, 20.25, 20.25, 21.00, 21.50, 24.50, 25.50, 20.75, 21.00, 20.50, 20.75, 21.50, 21.50, 22.00, 22.00, 20.00, 21.00, 20.25, 20.75, 20.25, 21.25, 21.25, 21.50, 20.00, 20.50, 20.50, 21.00, 20.75, 21.00, 20.75, 21.00, 20.50, 20.50, 20.25, 21.25, 21.00, 21.00, 21.00, 21.25, 20.50, 20.50, 21.50, 20.75, 21.00, 20.50, 21.50, 20.50, 21.50, 21.00, 20.75, 20.50, 20.75, 21.00, 21.00, 21.25, 21.75, 21.50, 21.00, 21.00, 20.25, 20.75, 21.25, 21.75, 9
843, 0.00, 55.50, 0.00, 23.40, -2, 21, 0, 517, 0, 223, 223, 232, 1.05, -0.02, -0.17, 20.50, 20.75, 20.25, 20.25, 20.50, 21.25, 25.25, 25.00, 20.50, 21.25, 20.50, 20.50, 21.00, 21.50, 21.75, 22.00, 20.50, 20.75, 20.25, 21.00, 20.75, 20.75, 20.75, 21.50, 20.25, 20.50, 20.50, 20.75, 21.25, 21.00, 21.00, 21.00, 20.75, 20.75, 20.00, 20.75, 20.75, 20.75, 21.00, 21.25, 20.00, 20.50, 21.25, 21.25, 20.75, 21.25, 21.75, 21.25, 21.25, 21.25, 21.25, 20.50, 21.25, 21.25, 21.00, 21.00, 22.25, 21.50, 21.25, 21.00, 20.50, 19.75, 21.25, 21.75, 9
844, 0.00, 55.50, 0.00, 23.40, 17, 38, -2, 515, 0, 223, 223, 232, 1.04, -0.02, -0.17, 20.75, 21.00, 20.50, 20.50, 20.50, 21.25, 25.00, 25.00, 21.00, 21.00, 20.75, 21.00, 21.00, 21.75, 22.75, 22.00, 20.50, 21.00, 20.00, 21.25, 20.75, 21.00, 21.00, 21.50, 21.00, 20.75, 21.00, 21.00, 21.25, 21.00, 21.00, 21.00, 20.75, 20.50, 20.50, 21.00, 21.50, 20.75, 20.75, 21.50, 20.75, 20.75, 21.50, 20.75, 21.00, 21.00, 21.75, 21.25, 21.50, 21.25, 21.50, 20.75, 21.00, 21.25, 20.75, 21.75, 21.75, 21.75, 21.25, 21.00, 20.75, 20.50, 21.00, 22.00, 9
843, -0.10, 55.40, 0.00, 23.40, 32, 70, 0, 515, 0, 223, 224, 232, 1.04, -0.03, -0.17, 20.50, 21.00, 20.50, 20.75, 21.00, 21.50, 25.50, 25.25, 20.75, 21.00, 20.50, 20.75, 21.00, 21.50, 23.00, 22.25, 20.50, 20.75, 20.50, 21.00, 21.25, 21.50, 21.00, 21.50, 20.25, 20.50, 20.75, 21.25, 21.75, 21.25, 20.75, 20.50, 21.00, 20.50, 20.50, 21.25, 21.25, 21.00, 21.00, 21.50, 20.75, 20.75, 21.75, 21.00, 21.25, 21.50, 21.50, 21.50, 22.00, 21.50, 21.25, 20.50, 20.75, 21.00, 20.50, 21.75, 21.50, 21.50, 21.25, 21.00, 20.75, 20.75, 21.50, 22.50, 9
844, 0.00, 55.40, 0.00, 23.40, -8, 62, 0, 515, 0, 223, 224, 232, 1.03, -0.03, -0.18, 21.50, 21.00, 20.75, 20.50, 21.25, 21.75, 24.50, 25.50, 20.50, 20.50, 20.75, 20.25, 21.25, 21.75, 21.75, 22.25, 20.50, 20.75, 20.50, 21.00, 21.00, 20.75, 21.50, 21.50, 20.25, 21.25, 20.50, 21.25, 21.75, 21.25, 21.25, 21.25, 21.25, 21.00, 20.50, 21.25, 21.00, 21.00, 20.75, 21.75, 20.25, 20.75, 21.25, 21.50, 21.25, 21.75, 21.75, 21.50, 21.25, 21.25, 21.75, 20.50, 20.50, 21.00, 21.25, 21.50, 22.25, 22.00, 20.75, 20.75, 20.75, 21.00, 21.50, 21.25, 9
843, 0.00, 55.40, 0.00, 23.40, -40, 22, 0, 515, 0, 223, 223, 232, 1.04, -0.02, -0.18, 21.00, 21.75, 20.75, 20.50, 21.75, 22.75, 24.25, 26.00, 21.25, 21.25, 20.25, 20.75, 21.75, 21.75, 20.50, 22.50, 20.50, 21.00, 20.75, 21.50, 21.00, 21.25, 21.75, 21.75, 20.75, 21.25, 21.25, 21.50, 21.75, 21.25, 21.25, 21.00, 20.75, 20.75, 21.00, 21.75, 21.25, 21.00, 21.00, 21.00, 21.00, 21.25, 21.75, 21.75, 21.50, 21.50, 22.00, 22.00, 21.50, 21.50, 21.75, 21.25, 21.50, 21.25, 21.25, 21.50, 22.25, 22.00, 21.00, 21.50, 21.50, 21.00, 21.75, 22.50, 9
844, 0.00, 55.40, 0.00, 23.40, 0, 22, 5, 520, 0, 223, 223, 232, 1.05, -0.02, -0.17, 20.50, 21.50, 20.50, 20.75, 23.50, 22.75, 22.25, 24.75, 21.00, 21.00, 20.75, 21.00, 21.25, 21.00, 21.00, 21.50, 20.75, 20.50, 20.75, 21.25, 21.00, 21.25, 21.50, 22.25, 20.75, 21.00, 20.75, 21.25, 21.50, 21.75, 21.00, 21.75, 20.75, 21.00, 20.75, 21.25, 21.25, 21.25, 21.75, 21.50, 21.00, 20.75, 22.00, 21.50, 21.00, 21.50, 22.00, 21.75, 21.75, 21.50, 22.00, 21.25, 20.50, 21.00, 21.00, 21.25, 22.50, 22.25, 21.75, 21.00, 21.00, 20.50, 21.75, 22.50, 9
844, 0.00, 55.40, 0.00, 23.40, 7, 29, 6, 526, 0, 223, 224, 232, 1.04, -0.02, -0.18, 20.50, 20.75, 20.50, 20.25, 23.50, 22.50, 21.75, 24.50, 20.50, 20.75, 21.25, 20.50, 21.00, 20.50, 21.00, 21.25, 20.25, 20.75, 20.50, 21.25, 21.25, 21.00, 21.50, 21.50, 20.75, 20.75, 20.75, 21.50, 21.75, 21.25, 21.50, 20.75, 21.00, 20.75, 21.25, 21.50, 21.25, 21.25, 21.50, 21.25, 20.50, 21.00, 22.00, 21.50, 21.50, 21.50, 22.00, 21.50, 21.75, 21.25, 21.50, 21.25, 21.25, 21.25, 21.25, 21.00, 22.00, 21.75, 21.25, 21.00, 21.00, 20.75, 21.50, 21.50, 9
844, 0.00, 55.40, 0.00, 23.40, -5, 24, -14, 512, 0, 223, 224, 232, 1.05, -0.02, -0.17, 21.00, 21.50, 20.75, 21.00, 21.25, 22.00, 24.50, 26.00, 20.75, 21.25, 21.50, 21.25, 23.25, 22.25, 25.00, 25.50, 20.75, 21.50, 21.00, 21.25, 22.25, 23.50, 22.75, 23.50, 20.75, 20.75, 21.25, 21.00, 22.00, 21.75, 21.75, 23.00, 21.25, 21.00, 21.25, 21.75, 21.25, 22.00, 21.75, 21.75, 21.00, 20.75, 21.75, 21.50, 21.00, 21.50, 22.25, 21.50, 22.50, 21.50, 21.50, 21.00, 21.75, 21.25, 21.50, 21.50, 22.00, 21.75, 21.50, 21.75, 20.50, 21.00, 22.00, 22.50, 9
844, -0.10, 55.30, 0.00, 23.40, -2, 22, -2, 510, 0, 223, 223, 232, 1.04, -0.02, -0.16, 21.00, 21.00, 20.75, 21.00, 21.00, 21.75, 25.00, 26.00, 20.75, 21.25, 20.75, 21.25, 21.50, 21.75, 24.50, 25.25, 20.50, 21.00, 20.50, 21.75, 23.00, 25.00, 25.75, 23.75, 20.75, 21.00, 21.25, 21.25, 22.50, 23.75, 22.50, 25.50, 21.50, 21.50, 21.25, 22.00, 21.50, 21.75, 21.75, 25.50, 20.75, 21.50, 21.50, 21.25, 21.50, 22.25, 22.50, 23.00, 21.75, 21.00, 21.50, 21.25, 21.50, 21.25, 21.50, 22.00, 22.50, 22.00, 21.50, 20.75, 21.25, 21.75, 21.75, 22.50, 9
844, 0.00, 55.30, 0.00, 23.40, 3, 25, -1, 509, 0, 223, 224, 232, 1.05, -0.02, -0.16, 20.50, 20.75, 20.75, 21.00, 20.50, 21.25, 24.50, 25.75, 20.75, 21.50, 20.75, 21.25, 21.75, 22.00, 24.00, 25.25, 20.50, 20.75, 20.75, 21.50, 22.50, 25.00, 25.50, 24.25, 20.50, 21.00, 20.75, 21.75, 22.50, 23.75, 22.25, 25.25, 21.00, 21.00, 20.75, 21.00, 21.75, 21.50, 22.25, 25.25, 21.00, 20.75, 22.00, 21.50, 20.75, 22.00, 22.25, 23.00, 21.50, 21.50, 21.75, 21.25, 21.25, 21.25, 21.25, 22.00, 22.00, 22.75, 21.25, 21.50, 21.00, 21.50, 21.75, 21.75, 9
844, 0.00, 55.30, 0.00, 23.40, 9, 34, -1, 508, 0, 223, 224, 232, 1.05, -0.01, -0.18, 21.00, 21.25, 20.50, 21.00, 21.25, 21.00, 24.50, 25.75, 21.25, 21.25, 20.75, 21.00, 21.50, 21.75, 24.00, 24.75, 21.00, 20.75, 20.75, 21.25, 22.50, 25.00, 25.75, 24.00, 20.50, 20.75, 21.00, 21.25, 22.50, 24.25, 22.75, 25.25, 21.25, 21.25, 20.75, 22.25, 21.75, 21.75, 22.00, 25.75, 21.25, 21.00, 21.25, 21.25, 21.50, 22.00, 22.50, 23.00, 21.50, 22.00, 21.75, 21.25, 21.50, 21.75, 21.00, 22.25, 21.75, 21.50, 21.50, 21.75, 21.00, 20.75, 22.00, 22.00, 9
844, 0.00, 55.30, 0.00, 23.40, 66, 100, 1, 509, 0, 223, 223, 232, 1.05, -0.03, -0.15, 21.25, 21.25, 21.00, 20.75, 21.25, 22.00, 25.00, 25.75, 20.25, 21.50, 21.00, 21.00, 21.25, 22.00, 24.75, 24.75, 21.00, 21.00, 21.00, 22.00, 22.50, 24.75, 25.75, 24.50, 21.00, 21.00, 21.25, 21.50, 22.75, 24.75, 22.75, 25.00, 20.75, 21.00, 21.00, 21.75, 21.50, 21.75, 21.75, 25.75, 20.50, 21.00, 21.75, 21.25, 21.50, 21.75, 22.25, 22.75, 21.50, 21.50, 21.75, 21.00, 21.25, 21.75, 21.25, 22.25, 21.75, 21.75, 21.25, 21.50, 21.25, 20.75, 22.00, 21.75, 9
844, 0.00, 55.30, 0.00, 23.40, -82, 18, 144, 653, 0, 223, 224, 232, 1.04, -0.02, -0.17, 22.00, 22.00, 21.25, 21.75, 21.50, 22.25, 26.00, 27.00, 21.25, 21.75, 21.50, 21.00, 21.75, 22.50, 26.00, 25.25, 21.25, 21.75, 21.50, 22.50, 23.50, 25.25, 25.75, 24.75, 21.25, 22.00, 21.50, 22.75, 23.50, 24.50, 23.50, 26.00, 21.25, 21.50, 21.50, 22.25, 22.50, 22.50, 23.00, 27.50, 21.25, 21.75, 22.25, 22.50, 22.50, 23.00, 24.25, 25.75, 22.75, 23.50, 25.00, 29.50, 29.75, 29.25, 28.25, 27.50, 26.00, 24.75, 30.00, 31.00, 31.25, 31.00, 29.00, 25.75, 9
844, 0.00, 55.30, 0.00, 23.40, 2, 20, 34, 687, 0, 142, 144, 174, 1.04, -0.02, -0.17, 23.00, 22.50, 21.75, 21.50, 21.75, 24.00, 25.00, 27.00, 21.75, 22.75, 22.25, 21.50, 22.00, 22.75, 25.50, 25.50, 21.25, 21.75, 21.50, 23.00, 23.75, 26.00, 26.25, 24.50, 21.25, 21.75, 22.50, 24.00, 25.50, 24.25, 25.00, 26.50, 25.25, 27.25, 28.25, 26.75, 24.25, 23.25, 24.75, 27.75, 27.00, 31.25, 31.25, 30.75, 28.50, 26.75, 25.75, 26.75, 31.25, 31.75, 32.00, 31.50, 30.50, 29.75, 28.50, 27.50, 31.25, 32.00, 31.50, 31.25, 27.25, 24.75, 24.75, 24.75, 9
844, 0.10, 55.40, 0.00, 23.40, -1, 19, 2, 689, 1, 141, 142, 172, 1.04, -0.02, -0.16, 28.00, 26.75, 24.50, 22.75, 22.25, 24.25, 27.75, 27.00, 29.75, 27.00, 23.25, 23.00, 23.75, 24.25, 26.50, 25.75, 30.50, 28.75, 24.50, 26.00, 28.50, 27.75, 26.25, 25.00, 30.50, 30.00, 27.75, 28.50, 28.75, 25.50, 26.25, 27.25, 31.00, 30.75, 30.25, 28.75, 26.75, 24.75, 24.50, 28.25, 30.50, 30.75, 30.75, 30.25, 29.75, 27.75, 27.00, 25.50, 28.00, 28.25, 28.00, 27.75, 27.50, 27.75, 26.75, 26.50, 24.25, 24.25, 23.75, 23.50, 23.50, 24.00, 24.00, 24.00, 9
844, 0.00, 55.40, 0.00, 23.40, 3, 22, -193, 496, 1, 140, 141, 171, 1.05, -0.02, -0.18, 24.75, 23.75, 23.00, 22.00, 22.00, 23.75, 26.25, 26.75, 29.50, 27.75, 24.00, 22.25, 24.00, 24.50, 26.50, 25.75, 29.50, 29.00, 26.00, 26.50, 27.50, 27.75, 25.50, 25.25, 30.25, 30.00, 27.75, 28.25, 28.25, 25.00, 25.75, 26.25, 31.00, 30.50, 29.75, 28.25, 27.25, 25.00, 24.00, 28.50, 30.25, 30.75, 31.00, 30.75, 29.00, 27.50, 25.75, 25.50, 27.75, 30.50, 30.25, 30.00, 29.00, 28.25, 27.50, 26.50, 25.00, 24.75, 24.75, 24.25, 23.75, 23.50, 24.25, 24.50, 9
843, 0.00, 55.40, 0.00, 23.40, -1, 21, 0, 496, 1, 140, 140, 171, 1.07, -0.02, -0.23, 24.50, 24.25, 22.00, 22.00, 22.00, 23.25, 26.50, 26.50, 29.00, 27.00, 22.75, 22.75, 23.75, 24.00, 26.75, 25.50, 29.75, 28.50, 24.25, 26.50, 27.50, 28.50, 25.75, 24.50, 30.25, 29.75, 27.25, 27.25, 27.50, 24.25, 25.50, 26.00, 31.00, 30.75, 29.50, 28.25, 27.25, 25.00, 24.25, 28.00, 29.25, 30.25, 30.50, 29.75, 29.50, 28.00, 25.75, 25.00, 26.50, 28.75, 27.75, 27.50, 27.00, 26.75, 26.25, 25.75, 23.75, 24.00, 23.00, 23.50, 22.75, 23.00, 23.00, 23.75, 9
844, 0.00, 55.40, 0.00, 23.40, 1, 22, 17, 513, 1, 139, 140, 170, 1.07, 0.12, -0.22, 25.75, 24.00, 22.25, 21.75, 22.50, 23.75, 26.00, 25.50, 29.25, 27.00, 23.50, 23.50, 24.50, 25.00, 25.75, 25.00, 29.50, 29.00, 26.25, 27.50, 24.00, 24.50, 25.25, 24.50, 30.00, 30.50, 27.75, 27.25, 26.75, 23.75, 26.00, 27.50, 30.50, 30.75, 29.50, 29.25, 26.75, 25.75, 26.00, 28.50, 30.75, 30.25, 31.00, 29.75, 29.00, 27.00, 25.25, 25.00, 25.50, 29.00, 26.25, 24.25, 23.25, 23.00, 22.25, 22.50, 23.75, 23.50, 22.50, 22.50, 22.00, 21.50, 22.00, 22.50, 9
844, 0.00, 55.40, 0.00, 23.40, 8, 30, -33, 480, 1, 137, 138, 170, 0.99, 0.09, -0.02, 23.50, 24.50, 22.25, 21.75, 22.00, 22.75, 25.00, 26.25, 29.25, 28.25, 25.25, 22.75, 24.50, 25.75, 26.75, 25.75, 29.75, 29.50, 28.00, 26.50, 27.00, 27.50, 25.00, 24.00, 29.25, 30.00, 30.00, 28.50, 26.75, 28.00, 27.00, 25.25, 25.25, 30.25, 30.00, 30.00, 29.25, 27.00, 25.00, 27.25, 22.50, 25.75, 30.00, 30.00, 29.00, 27.00, 24.50, 23.50, 22.50, 22.50, 24.25, 24.00, 23.25, 22.75, 22.00, 22.75, 23.75, 22.75, 22.25, 22.50, 21.75, 21.50, 22.25, 22.00, 9
844, 0.00, 55.40, 0.00, 23.40, -10, 20, 8, 488, 1, 137, 138, 169, 1.03, 0.06, -0.15, 23.25, 22.50, 22.00, 22.50, 21.50, 22.25, 25.75, 26.00, 27.00, 27.25, 24.00, 22.00, 23.00, 24.25, 25.75, 26.25, 29.75, 29.25, 26.25, 24.25, 26.75, 26.75, 24.00, 24.50, 29.75, 29.75, 29.00, 27.00, 28.25, 27.25, 24.25, 26.00, 28.75, 30.25, 30.00, 29.25, 27.50, 26.00, 26.25, 28.50, 24.25, 29.50, 30.50, 30.25, 30.25, 28.00, 24.50, 24.25, 23.25, 24.00, 28.75, 28.00, 25.50, 23.00, 22.00, 22.50, 22.25, 23.00, 23.50, 23.50, 22.50, 21.75, 22.25, 21.75, 9
844, 0.00, 55.40, 0.00, 23.40, -2, 18, 3, 491, 1, 137, 138, 170, 1.04, -0.02, -0.17, 22.50, 23.00, 21.75, 21.50, 21.75, 23.25, 25.75, 25.75, 26.50, 26.00, 22.75, 22.25, 22.50, 23.75, 25.25, 25.25, 29.25, 28.75, 25.00, 24.00, 25.75, 27.25, 25.25, 24.75, 29.50, 29.50, 27.25, 27.75, 28.75, 26.25, 23.50, 26.25, 30.00, 30.25, 29.50, 27.25, 27.25, 28.00, 26.00, 28.25, 27.75, 30.50, 29.75, 30.00, 28.75, 26.75, 25.75, 26.50, 24.25, 28.25, 30.00, 30.00, 28.25, 24.25, 22.75, 22.75, 23.50, 24.50, 26.00, 24.50, 23.50, 22.00, 21.75, 22.75, 9
843, 0.00, 55.40, 0.00, 23.40, 4, 22, 1, 492, 1, 137, 138, 169, 1.05, -0.02, -0.17, 22.50, 22.50, 21.75, 21.25, 21.25, 22.75, 25.75, 25.75, 26.50, 25.75, 22.25, 22.25, 22.50, 23.75, 25.25, 25.50, 29.50, 28.50, 24.50, 24.25, 25.75, 27.00, 25.75, 24.50, 29.25, 29.50, 26.75, 27.50, 28.25, 27.25, 23.50, 26.00, 30.75, 29.75, 29.00, 26.75, 27.00, 28.00, 27.25, 28.50, 28.00, 30.00, 29.75, 29.25, 28.25, 26.75, 25.00, 26.00, 24.25, 27.50, 30.00, 29.75, 26.50, 23.75, 22.50, 22.50, 23.25, 23.50, 24.75, 23.50, 22.50, 22.00, 22.25, 22.25, 9
844, 0.00, 55.40, 0.00, 23.40, 5, 27, -1, 491, 1, 137, 139, 170, 1.05, -0.01, -0.18, 23.00, 22.00, 21.75, 21.00, 21.50, 23.50, 25.50, 25.25, 27.50, 25.25, 22.00, 21.50, 22.50, 23.75, 25.25, 24.75, 28.75, 28.00, 24.00, 24.50, 26.25, 27.50, 25.25, 24.50, 29.75, 29.75, 26.75, 27.50, 28.75, 27.50, 24.50, 26.50, 30.25, 29.75, 29.25, 27.00, 27.25, 28.00, 27.00, 28.75, 28.00, 30.00, 30.00, 30.00, 28.75, 26.50, 24.75, 26.00, 25.00, 27.25, 29.75, 29.25, 25.75, 23.00, 22.25, 22.75, 22.75, 23.00, 24.50, 24.00, 22.25, 22.00, 22.25, 22.00, 9
844, 0.10, 55.50, 0.00, 23.40, 0, 27, 1, 492, 1, 137, 138, 169, 1.04, -0.02, -0.18, 23.25, 22.25, 22.25, 21.75, 21.50, 24.00, 25.75, 26.50, 28.00, 26.00, 22.50, 22.00, 22.50, 23.75, 25.75, 25.00, 29.25, 28.75, 25.00, 24.25, 26.25, 27.75, 25.50, 25.25, 29.50, 29.50, 27.25, 28.00, 29.50, 28.75, 25.00, 27.00, 30.00, 30.00, 29.00, 27.25, 27.50, 28.00, 27.25, 29.00, 27.50, 30.25, 30.00, 29.50, 29.00, 26.25, 24.50, 25.50, 24.00, 26.75, 30.00, 29.25, 26.00, 23.25, 22.25, 22.25, 22.75, 23.25, 24.00, 23.50, 22.50, 22.25, 22.50, 23.00, 9
844, 0.00, 55.50, 0.00, 23.40, -5, 22, -1, 491, 1, 137, 138, 169, 1.04, -0.02, -0.19, 23.50, 22.50, 21.75, 21.75, 21.75, 23.50, 25.00, 25.75, 28.25, 26.00, 22.00, 22.00, 22.75, 24.50, 25.75, 25.25, 29.00, 28.50, 24.75, 23.50, 25.50, 27.50, 25.00, 24.50, 29.50, 29.50, 27.50, 28.25, 29.50, 28.00, 25.50, 27.75, 29.75, 29.75, 29.00, 27.00, 27.75, 28.50, 27.50, 28.75, 26.75, 30.50, 30.00, 29.75, 28.75, 25.75, 25.00, 24.75, 23.75, 26.50, 29.50, 29.25, 25.25, 23.00, 22.25, 22.25, 22.50, 23.00, 24.25, 23.25, 22.50, 22.00, 22.00, 22.00, 9
844, 0.00, 55.50, 0.00, 23.40, 1, 23, -1, 490, 1, 137, 138, 169, 1.05, -0.02, -0.18, 23.25, 22.75, 21.75, 21.75, 22.00, 23.25, 25.75, 26.00, 27.75, 25.00, 22.25, 22.25, 23.00, 24.25, 26.00, 25.50, 29.50, 28.75, 24.50, 23.75, 25.50, 27.25, 25.00, 24.75, 29.50, 29.50, 27.25, 28.00, 29.50, 28.75, 25.75, 27.25, 30.25, 30.00, 29.25, 27.50, 27.50, 28.75, 27.25, 29.00, 28.25, 30.25, 30.50, 29.50, 28.75, 26.25, 24.75, 24.25, 23.75, 27.00, 30.00, 29.50, 26.75, 23.25, 22.00, 22.75, 23.25, 23.50, 24.25, 24.00, 23.00, 22.75, 22.25, 22.50, 9
844, 0.20, 55.70, 0.00, 23.40, 1, 24, 0, 490, 1, 137, 138, 169, 1.05, -0.02, -0.17, 24.00, 22.75, 22.25, 22.00, 22.25, 22.50, 25.25, 26.50, 28.25, 24.75, 22.50, 22.75, 23.00, 25.25, 26.25, 25.50, 29.50, 28.75, 24.50, 24.00, 26.25, 27.25, 24.75, 25.00, 29.75, 30.00, 27.25, 28.25, 29.75, 28.75, 26.00, 27.50, 30.25, 30.25, 29.50, 27.50, 27.50, 28.75, 27.25, 29.00, 29.25, 30.75, 30.75, 30.00, 28.75, 26.50, 25.00, 23.75, 24.50, 27.50, 29.75, 29.75, 26.25, 23.50, 22.50, 22.50, 23.00, 23.75, 24.50, 24.25, 23.25, 22.75, 23.00, 22.75, 9
844, 0.00, 55.70, 0.00, 23.40, 0, 24, 0, 490, 1, 137, 138, 169, 1.04, -0.02, -0.17, 23.75, 22.75, 21.75, 22.00, 21.75, 22.75, 25.50, 26.50, 28.75, 25.75, 23.00, 22.75, 23.00, 25.00, 26.00, 25.75, 29.50, 29.00, 25.75, 24.25, 26.25, 27.25, 24.50, 25.00, 30.00, 30.25, 27.75, 28.50, 29.25, 29.00, 26.50, 27.50, 29.75, 30.50, 29.75, 27.50, 27.75, 28.50, 27.25, 28.75, 28.25, 30.25, 30.25, 30.00, 29.00, 26.50, 24.75, 23.50, 24.00, 27.00, 30.00, 30.50, 26.50, 23.25, 22.00, 22.25, 23.25, 23.25, 24.50, 24.50, 23.50, 22.50, 22.50, 22.50, 9
844, 0.00, 55.70, 0.00, 23.40, 4, 28, 0, 490, 1, 137, 138, 169, 1.04, -0.02, -0.17, 23.50, 23.25, 22.25, 22.00, 22.25, 22.75, 25.50, 26.75, 28.50, 26.00, 23.25, 22.50, 23.25, 25.00, 26.00, 26.00, 29.50, 29.00, 26.00, 24.25, 26.75, 27.25, 25.00, 25.00, 30.25, 30.50, 27.75, 29.25, 29.75, 29.00, 27.25, 27.75, 30.75, 30.50, 30.00, 28.00, 27.75, 29.00, 27.75, 28.75, 27.75, 30.50, 30.75, 30.50, 29.00, 26.50, 24.25, 24.50, 24.00, 26.00, 30.00, 30.00, 27.00, 23.00, 22.25, 22.25, 22.75, 23.50, 24.75, 24.50, 23.00, 22.25, 23.00, 22.50, 9
844, -0.20, 55.50, 0.00, 23.40, -8, 20, 0, 490, 1, 137, 139, 171, 1.04, -0.03, -0.18, 23.25, 23.00, 22.25, 21.75, 22.00, 22.75, 25.50, 27.00, 28.50, 25.50, 23.25, 22.00, 22.75, 24.50, 26.00, 26.25, 29.75, 29.50, 24.75, 24.00, 26.00, 26.50, 24.75, 25.25, 30.25, 29.75, 27.75, 28.25, 29.00, 28.50, 25.75, 27.50, 29.75, 30.25, 29.75, 27.75, 27.75, 29.25, 27.25, 29.25, 28.00, 30.50, 30.50, 29.75, 29.00, 27.00, 24.75, 24.25, 24.75, 27.00, 30.00, 30.25, 28.00, 23.75, 22.25, 22.75, 23.25, 23.25, 24.25, 25.75, 24.00, 23.00, 22.75, 23.25, 9
844, 0.00, 55.50, 0.00, 23.40, -2, 18, 1, 491, 1, 138, 139, 171, 1.04, -0.02, -0.19, 22.75, 22.75, 22.50, 22.00, 21.50, 23.50, 24.75, 26.50, 27.50, 25.75, 22.50, 22.50, 23.25, 24.00, 25.50, 25.50, 29.25, 28.75, 25.25, 23.50, 25.00, 26.75, 25.00, 24.75, 30.00, 29.50, 28.00, 28.00, 28.25, 28.25, 26.25, 27.50, 30.50, 30.00, 29.50, 27.75, 27.50, 28.75, 27.50, 28.25, 28.00, 30.25, 30.25, 30.00, 28.50, 27.50, 25.50, 25.00, 24.50, 26.75, 30.25, 30.25, 29.75, 25.00, 22.75, 22.75, 22.75, 23.50, 24.50, 25.50, 23.75, 23.25, 22.75, 23.00, 9
844, 0.00, 55.50, 0.00, 23.40, 2, 20, -1, 490, 1, 139, 139, 171, 1.05, -0.02, -0.18, 23.00, 22.50, 22.00, 21.75, 21.75, 22.75, 24.75, 26.25, 27.25, 25.25, 22.25, 22.50, 22.50, 23.75, 25.75, 25.50, 29.25, 29.25, 24.00, 23.75, 25.25, 26.50, 25.50, 24.75, 29.75, 30.00, 27.75, 27.25, 28.00, 28.50, 26.00, 27.25, 30.50, 30.50, 29.75, 27.25, 27.50, 28.50, 27.75, 29.25, 28.25, 30.25, 30.50, 29.75, 29.00, 27.50, 25.00, 24.75, 24.25, 27.25, 30.25, 30.25, 29.75, 25.25, 23.25, 23.00, 23.25, 23.75, 25.00, 26.75, 23.75, 23.00, 22.75, 23.00, 9
844, -0.10, 55.40, 0.00, 23.40, 4, 24, -1, 489, 1, 138, 139, 171, 1.03, -0.02, -0.18, 22.00, 22.25, 22.00, 22.00, 21.75, 22.75, 24.50, 26.25, 26.50, 24.75, 22.00, 21.75, 23.00, 24.00, 26.00, 25.50, 29.25, 28.50, 24.25, 22.75, 24.75, 27.00, 25.25, 24.75, 29.75, 29.25, 27.50, 26.00, 27.25, 28.00, 25.25, 27.00, 30.50, 30.25, 29.25, 27.50, 27.25, 29.00, 27.50, 29.25, 28.25, 30.00, 30.50, 29.75, 28.25, 27.50, 25.25, 25.50, 24.50, 27.00, 30.25, 30.75, 29.75, 26.00, 22.75, 22.75, 23.50, 23.75, 25.00, 27.25, 24.25, 23.00, 23.00, 22.75, 9
844, 0.00, 55.40, 0.00, 23.40, 0, 24, 0, 489, 1, 139, 139, 171, 1.04, -0.02, -0.18, 22.50, 21.25, 21.75, 22.00, 21.50, 23.00, 24.50, 26.25, 26.25, 24.75, 22.00, 21.25, 22.25, 23.50, 25.50, 25.75, 29.50, 28.25, 24.00, 22.75, 24.25, 26.25, 24.75, 25.00, 29.75, 29.50, 27.25, 26.00, 26.75, 27.50, 25.25, 26.25, 30.25, 29.75, 29.25, 26.75, 27.25, 28.25, 27.50, 28.50, 27.75, 30.00, 30.75, 30.00, 28.50, 27.25, 25.50, 24.50, 24.00, 26.50, 29.75, 29.75, 30.25, 25.75, 22.50, 22.25, 23.25, 23.50, 25.00, 26.50, 24.50, 23.00, 23.00, 22.50, 9
844, 0.00, 55.40, 0.00, 23.40, 7, 31, -1, 488, 1, 138, 140, 170, 1.05, -0.02, -0.18, 22.50, 22.25, 22.00, 21.50, 21.75, 22.50, 24.75, 25.75, 26.00, 24.50, 22.00, 21.50, 22.50, 23.25, 25.25, 25.00, 29.00, 28.50, 23.75, 22.75, 24.25, 26.25, 24.50, 24.75, 29.50, 29.50, 27.00, 25.75, 26.25, 27.25, 25.00, 26.25, 29.75, 30.00, 29.25, 26.50, 27.25, 28.25, 27.50, 28.75, 27.75, 29.50, 30.25, 29.75, 28.25, 27.00, 25.50, 25.00, 23.75, 26.25, 29.75, 30.00, 29.75, 25.75, 22.75, 22.75, 23.00, 23.25, 24.50, 26.50, 25.00, 22.75, 22.50, 22.75, 9
844, -0.10, 55.30, 0.00, 23.40, -4, 27, 1, 489, 1, 138, 140, 170, 1.04, -0.02, -0.17, 22.00, 21.75, 21.50, 21.50, 21.75, 23.00, 24.75, 25.75, 25.00, 23.75, 21.50, 21.50, 22.50, 23.00, 25.25, 25.50, 29.25, 28.25, 23.50, 22.75, 23.50, 26.50, 25.00, 24.50, 29.50, 29.50, 27.00, 25.25, 26.00, 26.25, 24.75, 26.25, 30.25, 30.00, 29.25, 27.25, 27.50, 28.75, 27.50, 28.75, 29.00, 29.75, 30.50, 29.25, 28.25, 26.75, 26.00, 26.00, 24.75, 28.25, 30.00, 30.25, 30.25, 28.50, 23.50, 23.00, 23.50, 24.25, 26.25, 29.75, 27.50, 23.50, 23.75, 23.25, 9
844, 0.00, 55.30, 0.00, 23.40, -5, 22, -1, 488, 1, 140, 140, 171, 1.04, -0.02, -0.18, 21.75, 22.25, 21.75, 22.00, 21.25, 22.75, 24.50, 26.50, 23.75, 23.00, 22.00, 21.50, 22.50, 23.25, 25.25, 25.50, 28.50, 28.00, 22.75, 22.50, 24.00, 26.25, 25.00, 25.00, 29.00, 29.00, 26.25, 23.75, 26.00, 26.00, 23.50, 26.50, 29.75, 30.00, 28.50, 26.75, 27.50, 28.25, 26.75, 28.50, 28.75, 29.75, 30.75, 29.25, 28.00, 26.75, 25.50, 26.50, 25.00, 29.25, 30.25, 30.50, 30.00, 28.75, 24.00, 24.00, 23.75, 24.75, 27.75, 29.75, 27.25, 23.50, 23.25, 23.00, 9
844, 0.00, 55.30, 0.00, 23.40, 1, 23, 1, 489, 1, 139, 140, 170, 1.04, -0.02, -0.17, 22.50, 22.00, 22.00, 21.50, 22.00, 23.50, 24.75, 26.25, 25.25, 24.00, 22.00, 21.75, 23.00, 23.25, 26.00, 25.25, 29.25, 28.75, 23.00, 22.75, 24.50, 27.00, 25.25, 25.00, 29.50, 29.50, 26.75, 23.75, 26.00, 26.50, 23.75, 26.00, 30.00, 30.25, 29.00, 27.50, 27.25, 28.25, 27.50, 28.50, 29.75, 30.25, 30.25, 29.75, 28.25, 27.50, 26.25, 26.75, 25.75, 30.00, 30.25, 30.50, 30.25, 28.75, 23.75, 23.50, 24.00, 24.75, 27.75, 29.25, 26.25, 23.75, 22.75, 23.00, 9
844, -0.10, 55.20, 0.00, 23.40, 0, 23, -1, 488, 1, 136, 137, 170, 1.05, -0.03, -0.17, 24.00, 23.00, 21.75, 22.00, 22.50, 23.00, 25.50, 25.75, 28.75, 26.25, 23.00, 22.50, 23.25, 24.25, 26.00, 26.00, 29.75, 29.00, 25.75, 24.00, 25.25, 27.75, 26.00, 24.75, 29.75, 30.00, 27.50, 27.75, 29.00, 28.25, 24.50, 26.75, 30.25, 30.50, 29.50, 27.75, 27.50, 28.50, 27.25, 29.00, 26.75, 30.50, 30.75, 30.00, 29.00, 27.25, 26.50, 27.50, 24.00, 26.50, 29.75, 30.00, 27.75, 25.00, 23.50, 23.75, 23.50, 23.50, 24.50, 24.00, 23.75, 22.75, 23.00, 23.00, 9
844, 0.00, 55.20, 0.00, 23.40, -4, 19, 1, 489, 1, 136, 138, 169, 1.05, -0.02, -0.17, 23.50, 23.25, 22.25, 22.25, 21.75, 23.25, 25.75, 26.25, 28.75, 26.75, 23.25, 22.75, 23.25, 24.00, 26.25, 26.25, 30.00, 29.00, 26.75, 24.75, 26.00, 28.00, 25.75, 25.25, 30.00, 30.25, 27.75, 28.75, 29.00, 28.75, 25.25, 26.75, 30.00, 30.25, 30.00, 27.75, 28.00, 29.00, 27.50, 29.00, 25.00, 30.00, 30.75, 30.25, 28.75, 27.00, 25.75, 26.25, 24.00, 25.00, 29.25, 29.50, 27.25, 24.25, 23.00, 22.75, 23.00, 23.00, 24.00, 23.50, 22.75, 22.75, 23.00, 24.25, 9
844, 0.00, 55.20, 0.00, 23.40, 4, 23, -1, 488, 1, 136, 138, 170, 1.04, -0.02, -0.17, 23.25, 23.25, 22.25, 22.50, 22.50, 23.75, 26.25, 26.25, 29.00, 26.75, 23.50, 22.75, 23.25, 24.00, 26.25, 26.00, 30.25, 29.25, 26.50, 24.75, 26.25, 28.00, 26.25, 25.50, 30.00, 30.50, 28.00, 28.75, 29.75, 28.75, 25.50, 26.75, 29.50, 30.25, 29.75, 27.75, 28.00, 28.75, 28.00, 29.50, 25.00, 29.75, 30.50, 30.00, 28.75, 27.25, 26.00, 26.50, 23.25, 24.75, 29.00, 29.25, 26.75, 24.75, 23.25, 23.50, 23.00, 23.00, 23.50, 23.75, 23.00, 22.00, 22.75, 23.00, 9
844, -0.20, 55.00, -0.10, 23.30, 7, 30, 0, 488, 1, 137, 138, 169, 1.04, -0.02, -0.17, 23.00, 22.75, 22.50, 22.00, 22.00, 24.00, 26.00, 26.25, 28.25, 25.75, 22.50, 22.25, 23.25, 24.25, 26.00, 25.50, 29.50, 28.50, 24.25, 23.50, 25.50, 27.75, 25.75, 25.25, 30.00, 29.75, 27.75, 27.50, 29.25, 29.00, 25.25, 26.75, 29.75, 30.50, 29.75, 27.75, 28.00, 29.50, 28.00, 29.50, 26.50, 30.00, 31.00, 30.25, 29.25, 27.25, 26.50, 27.25, 23.75, 25.75, 30.25, 30.25, 28.75, 25.25, 23.50, 23.50, 22.75, 24.00, 24.50, 24.25, 24.00, 23.00, 23.25, 23.25, 9
844, 0.00, 55.00, 0.00, 23.30, -5, 25, 8, 496, 1, 137, 138, 169, 1.04, -0.02, -0.18, 23.50, 22.75, 22.00, 22.00, 22.00, 23.50, 26.00, 26.75, 27.75, 24.75, 22.50, 22.25, 23.00, 24.00, 26.25, 26.00, 29.25, 28.50, 23.50, 23.25, 25.75, 27.75, 26.00, 24.75, 29.50, 30.00, 27.00, 26.25, 28.75, 28.50, 24.50, 26.75, 30.25, 30.50, 29.25, 27.75, 27.75, 28.50, 27.50, 29.00, 26.50, 30.25, 30.50, 30.25, 29.00, 27.75, 26.75, 26.50, 23.75, 25.50, 29.75, 30.25, 28.50, 25.50, 23.25, 23.50, 22.75, 23.25, 24.00, 24.25, 23.75, 22.50, 23.00, 23.25, 9
844, 0.00, 55.00, 0.00, 23.30, -2, 23, 184, 680, 1, 139, 139, 171, 1.04, -0.01, -0.18, 27.50, 26.75, 26.75, 24.00, 22.25, 24.75, 26.50, 26.25, 28.75, 26.50, 25.50, 23.50, 23.25, 24.25, 26.25, 26.25, 30.00, 28.25, 23.50, 23.75, 25.50, 27.75, 26.00, 25.50, 30.00, 29.50, 26.75, 26.00, 29.75, 27.50, 24.25, 26.00, 30.50, 30.50, 29.50, 28.00, 27.75, 29.00, 27.75, 28.75, 30.25, 30.50, 30.00, 30.00, 28.50, 27.50, 26.50, 26.75, 26.00, 27.25, 30.00, 29.75, 29.00, 26.25, 23.75, 23.50, 23.75, 23.75, 25.25, 24.25, 24.25, 22.75, 23.75, 23.50, 9
844, 0.00, 55.00, 0.00, 23.30, -3, 20, 5, 685, 1, 139, 139, 171, 1.06, -0.02, -0.19, 27.25, 27.50, 25.25, 23.00, 22.75, 24.50, 25.00, 26.25, 27.50, 26.25, 23.25, 22.50, 23.25, 24.00, 26.00, 25.50, 29.75, 28.50, 23.25, 24.00, 25.00, 27.25, 25.50, 25.25, 30.00, 29.75, 27.00, 27.75, 29.50, 27.75, 24.00, 25.75, 30.50, 30.50, 30.00, 28.25, 28.50, 29.00, 27.75, 29.25, 30.00, 30.25, 30.00, 29.50, 29.00, 27.75, 25.50, 25.75, 26.25, 26.25, 27.50, 28.00, 27.00, 24.00, 23.00, 23.00, 23.25, 23.50, 23.25, 23.50, 23.25, 22.25, 22.75, 22.50, 9
844, 0.00, 55.00, 0.00, 23.30, -1, 19, 7, 692, 1, 139, 139, 171, 1.04, -0.02, -0.17, 26.75, 27.25, 25.75, 23.00, 24.50, 25.00, 26.25, 26.25, 29.00, 25.75, 25.25, 22.75, 24.25, 24.75, 25.75, 25.75, 29.50, 28.50, 25.00, 24.00, 25.25, 25.75, 23.75, 24.75, 29.25, 28.50, 25.25, 28.25, 30.75, 29.50, 27.00, 28.25, 30.25, 30.00, 29.00, 28.00, 28.50, 29.50, 28.00, 28.25, 29.25, 30.00, 30.00, 29.50, 29.00, 27.25, 25.50, 23.75, 24.50, 26.25, 29.00, 28.50, 29.25, 26.25, 22.75, 22.75, 23.75, 22.75, 23.50, 23.25, 23.75, 23.50, 22.50, 22.50, 9
844, 0.00, 55.00, 0.00, 23.30, 7, 26, -9, 683, 1, 138, 139, 171, 1.05, -0.02, -0.18, 26.25, 26.50, 25.25, 23.00, 23.50, 24.75, 25.75, 26.50, 27.75, 24.25, 24.75, 22.00, 24.00, 24.00, 25.25, 25.50, 27.25, 24.50, 24.50, 23.25, 24.50, 24.75, 23.25, 24.00, 27.00, 23.50, 22.75, 22.75, 25.50, 23.75, 22.25, 25.50, 26.50, 21.75, 21.25, 21.75, 22.00, 21.75, 22.75, 28.50, 21.50, 20.75, 21.50, 20.50, 21.25, 21.75, 23.75, 26.00, 21.25, 21.25, 20.75, 20.50, 21.00, 21.50, 21.50, 24.75, 21.00, 21.25, 21.00, 20.75, 21.00, 20.75, 21.75, 23.75, 9
844, -0.10, 54.90, 0.00, 23.30, -3, 23, -10, 673, 1, 138, 140, 170, 1.05, -0.02, -0.18, 26.50, 26.00, 24.00, 22.75, 24.25, 24.25, 25.50, 26.50, 27.25, 24.00, 24.25, 21.75, 23.25, 24.50, 24.75, 24.50, 27.50, 22.75, 23.75, 23.00, 25.00, 24.75, 22.50, 23.25, 27.00, 23.75, 22.25, 23.00, 26.75, 23.75, 21.75, 21.75, 24.50, 21.25, 21.00, 21.25, 22.00, 22.00, 21.50, 21.25, 21.00, 21.00, 21.25, 20.75, 21.00, 21.50, 22.25, 22.00, 21.50, 21.00, 21.00, 20.50, 21.00, 21.00, 20.75, 22.00, 21.00, 20.75, 21.25, 21.25, 20.75, 21.00, 21.50, 21.75, 9
844, 0.00, 54.90, 0.00, 23.30, 4, 27, -138, 535, 1, 139, 140, 170, 1.03, -0.02, -0.17, 26.00, 25.25, 23.25, 23.00, 24.75, 24.75, 25.25, 25.75, 27.75, 24.00, 25.00, 22.50, 24.25, 22.25, 22.50, 21.75, 27.50, 23.75, 23.00, 23.25, 25.00, 23.75, 22.25, 22.00, 26.25, 25.50, 22.25, 22.00, 24.00, 22.25, 21.75, 21.25, 22.25, 22.50, 20.50, 21.00, 21.25, 21.25, 21.50, 21.25, 20.75, 21.00, 20.75, 20.75, 21.00, 21.75, 22.25, 21.25, 21.50, 21.00, 20.50, 20.75, 20.75, 21.00, 20.75, 21.25, 21.75, 21.00, 21.25, 21.25, 21.00, 21.25, 21.50, 22.00, 9
844, 0.00, 54.90, 0.00, 23.30, 41, 68, -4, 531, 1, 139, 139, 170, 1.02, 0.00, -0.06, 26.00, 25.50, 23.50, 22.25, 23.50, 24.50, 24.25, 25.25, 27.25, 25.00, 24.25, 22.25, 23.50, 23.50, 22.00, 21.25, 26.00, 25.25, 22.00, 22.25, 25.25, 25.00, 21.75, 22.00, 24.00, 26.00, 21.50, 21.50, 21.75, 21.75, 21.50, 21.00, 21.25, 21.25, 20.50, 21.00, 21.00, 20.75, 21.25, 22.00, 20.75, 20.75, 21.25, 20.50, 20.75, 21.25, 21.75, 21.25, 21.25, 20.75, 20.75, 21.00, 20.75, 21.00, 20.75, 21.25, 20.25, 21.00, 21.00, 20.50, 21.00, 20.50, 21.25, 20.75, 9
844, 0.00, 54.90, 0.00, 23.30, -44, 24, -2, 529, 1, 138, 138, 169, 1.05, 0.03, -0.10, 26.25, 26.00, 22.75, 21.75, 24.00, 25.00, 23.00, 23.00, 28.00, 25.50, 24.50, 21.75, 23.25, 22.75, 22.00, 21.25, 26.75, 25.50, 21.75, 22.50, 24.50, 24.75, 21.75, 22.00, 23.25, 26.25, 21.50, 21.25, 21.25, 21.00, 21.50, 21.00, 21.25, 20.75, 20.00, 20.75, 21.75, 21.50, 21.25, 21.25, 20.50, 21.00, 20.50, 20.25, 20.50, 21.00, 21.25, 21.75, 20.75, 20.25, 20.50, 21.00, 20.50, 21.00, 20.25, 20.75, 20.50, 20.25, 20.75, 21.00, 20.75, 20.25, 20.75, 21.75, 9
844, 0.00, 54.90, 0.00, 23.30, -2, 22, 1, 530, 1, 138, 138, 171, 1.06, -0.00, -0.14, 26.75, 25.75, 22.25, 22.00, 24.75, 25.00, 23.25, 22.75, 28.25, 25.50, 23.50, 21.75, 23.75, 23.50, 21.50, 21.00, 26.75, 26.00, 22.50, 22.50, 25.25, 24.75, 22.00, 22.00, 23.25, 25.00, 20.75, 21.25, 21.50, 21.25, 21.00, 21.00, 21.50, 20.50, 20.00, 20.50, 21.00, 21.50, 21.25, 21.75, 20.25, 20.50, 20.75, 20.25, 20.50, 21.00, 21.25, 21.75, 20.75, 21.00, 20.25, 20.25, 21.00, 21.00, 20.75, 21.25, 21.00, 20.75, 20.50, 21.00, 20.50, 20.75, 21.50, 21.75, 9
844, 0.00, 54.90, 0.00, 23.30, 0, 22, -2, 528, 1, 138, 139, 170, 1.00, 0.04, -0.04, 26.25, 26.00, 22.25, 22.50, 25.75, 22.50, 22.25, 22.25, 28.00, 26.50, 22.75, 22.00, 23.75, 22.50, 21.25, 20.50, 27.25, 26.75, 22.50, 22.25, 22.00, 22.00, 21.25, 21.50, 24.25, 27.75, 23.00, 21.00, 21.25, 21.00, 21.00, 21.00, 22.25, 22.25, 21.00, 20.50, 20.75, 21.00, 21.00, 21.50, 20.75, 20.50, 20.75, 20.50, 20.50, 21.00, 21.75, 21.25, 20.75, 20.00, 20.50, 20.50, 20.25, 20.75, 20.75, 21.25, 21.00, 20.75, 20.25, 20.50, 20.75, 20.25, 21.00, 22.00, 9
844, 0.00, 54.90, 0.00, 23.30, 4, 26, -26, 502, 1, 137, 137, 168, 0.98, -0.08, 0.23, 26.50, 26.50, 25.25, 23.75, 22.25, 24.50, 24.50, 23.00, 27.25, 26.75, 25.50, 22.25, 21.75, 23.00, 24.25, 21.50, 24.50, 28.75, 26.25, 23.00, 21.75, 23.25, 23.75, 22.50, 22.00, 27.25, 25.50, 22.50, 21.25, 21.50, 21.25, 21.00, 23.25, 23.00, 24.75, 21.00, 20.50, 20.75, 21.25, 21.25, 21.25, 21.00, 21.00, 20.75, 20.75, 21.25, 21.50, 21.00, 21.00, 20.50, 20.00, 20.75, 20.75, 20.50, 20.25, 21.75, 21.25, 20.75, 20.50, 20.25, 20.50, 21.25, 20.50, 21.25, 9
844, 0.00, 54.90, 0.00, 23.30, 8, 34, 25, 527, 0, 136, 137, 170, 0.81, -0.07, 0.49, 24.25, 26.00, 26.00, 22.75, 23.75, 24.25, 24.50, 24.25, 26.75, 26.75, 27.00, 23.25, 22.00, 21.25, 22.50, 25.50, 23.25, 28.25, 27.50, 26.00, 21.50, 21.50, 22.25, 23.75, 21.00, 26.50, 27.50, 24.25, 23.00, 21.75, 21.50, 22.75, 22.25, 22.75, 27.75, 24.75, 21.75, 20.75, 20.75, 21.50, 23.75, 22.75, 22.75, 23.00, 21.00, 21.50, 21.75, 21.00, 21.75, 21.50, 20.75, 20.50, 20.75, 20.75, 21.25, 21.00, 21.25, 20.75, 20.75, 20.75, 20.25, 20.75, 21.25, 21.25, 9
844, 0.00, 54.90, 0.00, 23.30, 19, 53, 65, 592, 0, 136, 136, 169, 0.80, -0.04, 0.53, 23.25, 26.00, 26.50, 23.75, 24.25, 25.25, 25.00, 24.25, 25.75, 26.50, 27.25, 24.00, 22.25, 21.25, 22.50, 25.25, 22.00, 27.00, 28.25, 27.50, 23.25, 21.75, 22.50, 23.75, 20.75, 23.75, 27.50, 24.75, 23.25, 21.50, 21.25, 24.75, 23.25, 22.00, 25.00, 25.50, 21.50, 20.25, 21.75, 21.25, 23.25, 23.25, 22.00, 21.75, 21.00, 21.50, 21.50, 21.00, 21.50, 20.50, 20.00, 21.25, 21.00, 21.25, 20.75, 21.50, 21.00, 21.50, 20.75, 20.75, 20.50, 21.00, 21.00, 21.50, 9
844, 0.00, 54.90, 0.00, 23.30, -14, 39, 26, 618, 0, 135, 137, 169, 0.79, -0.06, 0.53, 23.25, 26.00, 26.75, 23.50, 24.00, 24.75, 25.00, 24.25, 25.25, 26.25, 27.25, 23.75, 22.25, 21.50, 22.25, 25.50, 22.00, 27.50, 27.50, 27.25, 23.25, 21.50, 22.75, 23.75, 21.00, 23.75, 27.75, 25.50, 23.50, 22.00, 21.75, 25.25, 23.00, 21.75, 25.00, 25.50, 22.25, 21.00, 20.75, 21.75, 23.50, 23.50, 22.75, 21.75, 21.25, 21.25, 21.25, 21.00, 22.00, 21.25, 21.00, 20.75, 21.00, 20.75, 21.00, 21.50, 21.00, 21.25, 21.00, 20.50, 20.50, 20.50, 21.25, 21.25, 9
844, 0.00, 54.90, 0.00, 23.30, -5, 34, 5, 623, 0, 137, 138, 169, 0.84, -0.03, 0.48, 24.75, 27.00, 25.75, 24.50, 24.50, 25.50, 25.00, 24.00, 27.50, 26.75, 26.75, 22.50, 22.00, 21.50, 22.50, 23.75, 24.25, 28.75, 27.25, 26.00, 21.25, 22.00, 23.50, 24.00, 21.50, 27.00, 27.75, 24.25, 22.25, 22.00, 23.00, 25.25, 22.25, 22.50, 27.00, 25.25, 21.75, 20.75, 21.00, 21.75, 24.00, 23.00, 22.00, 21.75, 21.50, 21.25, 22.00, 21.00, 22.00, 21.25, 20.75, 20.50, 21.00, 21.00, 20.75, 21.75, 21.00, 20.75, 20.50, 21.00, 20.75, 20.25, 21.25, 21.50, 9
844, 0.00, 54.90, 0.00, 23.30, -9, 25, 1, 624, 0, 137, 138, 169, 0.81, -0.03, 0.51, 25.00, 26.75, 26.00, 24.00, 24.50, 24.75, 25.25, 24.00, 26.75, 27.00, 27.00, 22.75, 22.50, 21.50, 22.50, 25.00, 23.50, 28.50, 27.50, 26.50, 21.75, 21.50, 23.50, 24.00, 21.00, 25.75, 28.00, 24.75, 23.00, 21.75, 23.00, 26.00, 22.50, 22.50, 26.00, 25.75, 21.75, 21.00, 21.25, 22.00, 24.25, 23.00, 22.50, 22.00, 21.25, 21.25, 21.50, 21.75, 22.00, 22.00, 20.50, 20.75, 21.50, 21.75, 21.25, 22.00, 21.50, 21.75, 20.50, 21.25, 21.00, 20.75, 21.25, 22.00, 9
844, 0.10, 55.00, 0.00, 23.30, 3, 28, 2, 626, 0, 136, 138, 169, 0.83, -0.03, 0.48, 25.50, 26.50, 25.75, 24.00, 24.25, 25.00, 25.50, 24.25, 27.25, 26.50, 27.25, 22.50, 22.25, 21.25, 22.50, 24.50, 23.25, 28.75, 27.25, 26.00, 21.25, 21.50, 23.50, 23.75, 21.50, 26.50, 27.25, 24.25, 22.75, 21.75, 23.00, 25.50, 22.00, 22.50, 26.50, 25.25, 21.75, 21.25, 21.00, 22.00, 23.75, 23.25, 21.75, 21.75, 21.25, 21.25, 21.50, 21.25, 22.75, 21.25, 20.25, 20.75, 21.75, 21.00, 21.00, 21.25, 21.25, 20.25, 20.75, 21.25, 20.50, 20.75, 21.00, 21.00, 9
844, 0.00, 55.00, 0.00, 23.30, 7, 35, 2, 628, 0, 136, 138, 170, 0.84, -0.03, 0.49, 25.00, 26.50, 26.00, 24.50, 24.50, 25.25, 25.25, 24.00, 27.25, 26.75, 27.00, 22.25, 22.25, 21.25, 22.25, 24.25, 22.75, 28.50, 27.75, 26.00, 21.25, 21.50, 23.50, 24.00, 21.25, 25.75, 27.50, 24.50, 22.50, 21.50, 23.25, 25.25, 22.25, 22.00, 26.00, 25.50, 21.25, 20.75, 21.25, 21.50, 23.25, 23.00, 21.75, 21.75, 20.75, 21.50, 21.50, 21.50, 21.50, 21.25, 20.50, 20.75, 20.75, 21.25, 21.25, 21.00, 21.00, 21.00, 20.75, 20.75, 20.25, 20.25, 21.00, 21.50, 9
844, 0.00, 55.00, 0.00, 23.30, -9, 26, -18, 610, 0, 137, 138, 171, 0.82, -0.03, 0.51, 24.50, 26.75, 26.00, 24.00, 24.50, 25.00, 25.00, 24.50, 26.50, 26.75, 26.50, 22.75, 22.25, 21.50, 21.75, 25.50, 21.75, 27.75, 27.25, 26.25, 21.75, 21.75, 23.25, 23.50, 21.00, 24.75, 27.50, 24.75, 22.50, 21.50, 22.25, 25.50, 22.25, 22.25, 25.50, 25.25, 21.75, 20.50, 21.00, 21.25, 23.75, 23.00, 22.00, 21.50, 21.00, 21.00, 21.00, 20.75, 22.00, 21.25, 20.50, 20.25, 20.75, 21.25, 20.75, 21.50, 21.25, 20.75, 20.50, 21.25, 20.50, 20.75, 21.25, 21.50, 9
844, 0.10, 55.10, 0.00, 23.30, -1, 25, -35, 575, 1, 137, 138, 169, 0.75, -0.02, 0.60, 22.50, 26.00, 27.00, 23.75, 23.50, 24.75, 25.75, 25.00, 24.50, 26.25, 27.25, 24.25, 22.75, 21.25, 22.25, 24.75, 21.00, 26.75, 27.75, 27.00, 23.25, 21.00, 22.00, 22.75, 20.00, 23.00, 27.25, 26.00, 23.75, 22.00, 21.25, 23.25, 23.00, 21.50, 24.25, 26.00, 22.75, 20.75, 21.25, 21.75, 23.50, 23.50, 22.25, 21.50, 21.00, 21.50, 21.00, 21.00, 21.50, 21.25, 20.50, 20.25, 20.75, 20.25, 21.00, 21.25, 21.00, 20.25, 20.50, 20.50, 20.50, 20.25, 20.75, 21.50, 9
844, 0.00, 55.10, 0.00, 23.30, 7, 32, 9, 584, 1, 137, 138, 171, 0.85, -0.02, 0.51, 25.75, 26.50, 25.25, 23.50, 24.00, 24.75, 24.75, 24.75, 26.75, 26.25, 26.50, 21.50, 22.00, 21.00, 22.75, 25.50, 23.00, 28.25, 27.25, 25.25, 21.00, 21.75, 22.75, 23.50, 21.75, 26.25, 26.50, 23.50, 22.25, 20.75, 21.25, 25.50, 22.50, 23.25, 26.25, 24.00, 20.75, 20.25, 20.50, 21.50, 23.50, 21.75, 21.75, 20.75, 20.75, 21.00, 21.00, 21.00, 21.50, 21.00, 20.25, 20.00, 20.50, 20.75, 20.50, 21.25, 21.25, 20.50, 20.75, 20.00, 20.00, 19.75, 20.50, 21.00, 9
844, 0.00, 55.10, 0.00, 23.30, -6, 26, -88, 496, 1, 136, 137, 170, 1.04, -0.02, -0.04, 26.25, 25.25, 24.75, 25.50, 25.00, 22.75, 22.00, 21.25, 27.00, 23.50, 22.00, 25.50, 25.00, 21.75, 21.25, 20.75, 28.25, 26.00, 21.25, 23.25, 23.00, 21.75, 21.50, 21.75, 27.25, 23.25, 22.25, 23.25, 25.00, 21.50, 21.50, 21.00, 27.00, 26.25, 21.50, 20.50, 20.25, 20.50, 21.25, 20.75, 21.75, 22.25, 21.00, 20.25, 20.75, 20.50, 21.00, 20.75, 21.25, 20.50, 20.50, 21.00, 20.50, 20.50, 21.00, 21.00, 21.00, 21.00, 20.75, 20.25, 20.00, 20.25, 20.50, 21.50, 9
844, 0.10, 55.20, 0.00, 23.30, 9, 35, 29, 525, 1, 137, 138, 170, 1.04, -0.02, -0.17, 25.50, 24.25, 23.75, 26.50, 24.25, 22.25, 21.50, 22.00, 27.25, 23.50, 22.00, 25.50, 23.50, 21.25, 21.00, 20.25, 25.50, 22.50, 22.00, 24.00, 24.00, 21.75, 21.00, 21.50, 27.00, 23.50, 21.75, 25.00, 25.25, 21.50, 21.25, 20.25, 24.00, 22.00, 20.50, 20.50, 21.25, 20.75, 21.00, 21.25, 20.75, 20.50, 20.75, 20.50, 20.25, 20.75, 21.50, 20.75, 21.25, 19.75, 20.00, 20.50, 20.25, 20.25, 19.75, 20.50, 20.00, 20.25, 20.25, 20.25, 19.50, 20.25, 21.00, 21.25, 9
844, 0.00, 55.20, 0.00, 23.30, -8, 27, 5, 530, 1, 137, 139, 170, 1.03, -0.02, -0.17, 25.75, 23.75, 23.00, 25.00, 26.00, 23.50, 22.25, 21.75, 27.50, 24.75, 21.50, 22.75, 24.00, 22.00, 21.50, 20.50, 26.75, 23.00, 21.25, 22.25, 24.00, 24.25, 21.75, 21.50, 27.25, 24.00, 21.75, 23.00, 27.00, 24.00, 21.25, 20.25, 23.50, 22.75, 20.25, 20.75, 21.25, 21.50, 20.75, 21.25, 20.50, 20.00, 20.25, 19.75, 20.75, 20.50, 21.25, 20.75, 21.00, 20.25, 20.25, 20.25, 21.00, 20.75, 20.00, 20.75, 20.75, 20.00, 20.00, 20.00, 20.75, 20.50, 21.25, 21.00, 9
844, 0.00, 55.20, 0.00, 23.30, -3, 24, 1, 531, 1, 137, 138, 170, 1.03, -0.02, -0.16, 26.00, 23.75, 23.00, 25.75, 26.00, 23.50, 22.25, 22.00, 27.50, 25.25, 22.25, 23.25, 25.50, 22.50, 21.75, 21.00, 27.75, 25.00, 21.75, 23.50, 24.00, 25.00, 22.00, 22.25, 28.25, 25.25, 23.25, 22.25, 26.75, 24.25, 21.50, 21.25, 23.75, 25.25, 20.25, 20.75, 21.50, 21.50, 21.25, 21.25, 20.50, 20.75, 20.50, 19.75, 20.25, 21.25, 21.50, 21.00, 21.25, 20.25, 20.25, 20.75, 20.50, 20.50, 20.25, 20.50, 21.25, 20.75, 20.25, 20.75, 20.75, 20.50, 21.00, 21.25, 9
844, 0.10, 55.30, 0.00, 23.30, 26, 50, -13, 518, 1, 136, 138, 170, 1.29, -0.00, 0.10, 26.25, 26.00, 25.25, 26.25, 22.25, 21.75, 22.50, 21.25, 26.75, 24.25, 25.00, 26.00, 23.75, 21.75, 21.25, 20.75, 28.50, 27.50, 24.25, 25.75, 24.25, 22.00, 21.50, 22.00, 28.25, 26.50, 23.25, 24.00, 22.75, 21.25, 21.50, 20.50, 28.25, 27.50, 23.50, 21.75, 20.75, 20.75, 21.25, 21.00, 24.00, 24.50, 24.25, 20.75, 21.00, 21.00, 22.00, 21.25, 21.75, 21.25, 20.75, 20.50, 20.25, 21.00, 20.25, 21.25, 21.25, 21.00, 20.50, 21.00, 20.75, 20.25, 21.50, 21.25, 9
844, 0.00, 55.30, 0.00, 23.30, -28, 22, 19, 537, 1, 138, 138, 170, 1.05, -0.05, -0.40, 27.25, 26.25, 24.75, 22.75, 21.75, 22.00, 21.75, 21.75, 27.50, 26.50, 26.00, 24.75, 23.00, 21.75, 21.75, 20.75, 29.75, 28.75, 27.00, 27.50, 23.00, 22.75, 22.00, 21.75, 29.50, 29.50, 28.00, 25.50, 23.00, 22.00, 21.50, 20.75, 30.25, 29.00, 24.25, 23.25, 22.00, 21.25, 21.00, 21.75, 27.00, 29.00, 29.00, 26.25, 21.50, 21.50, 21.75, 21.50, 23.75, 24.75, 24.25, 22.75, 21.50, 21.50, 21.00, 21.25, 24.50, 23.00, 22.25, 22.00, 21.25, 21.00, 21.50, 22.00, 9
844, 0.00, 55.30, 0.00, 23.30, 32, 54, -3, 534, 1, 137, 137, 169, 0.98, 0.00, -0.51, 26.75, 26.50, 24.25, 22.25, 21.75, 21.25, 22.00, 21.50, 24.50, 25.00, 25.50, 23.25, 22.25, 21.50, 21.25, 20.50, 28.75, 28.00, 26.00, 23.75, 22.25, 21.50, 21.50, 21.75, 28.75, 26.50, 22.75, 22.75, 22.00, 21.25, 21.50, 20.75, 29.25, 26.50, 23.75, 21.50, 21.25, 21.00, 21.25, 21.00, 27.75, 27.50, 25.75, 20.75, 21.50, 21.25, 21.25, 21.25, 24.25, 22.25, 21.50, 21.00, 21.00, 21.00, 21.75, 21.75, 22.00, 21.50, 21.00, 21.00, 21.00, 21.00, 22.00, 23.25, 9
844, 0.10, 55.40, 0.00, 23.30, -16, 38, -16, 518, 1, 136, 138, 169, 0.90, 0.13, -0.47, 26.75, 24.75, 23.00, 21.50, 21.50, 21.25, 22.25, 20.75, 26.25, 25.75, 25.50, 21.50, 21.75, 21.00, 21.25, 20.75, 29.25, 28.25, 25.75, 22.25, 21.75, 21.50, 22.00, 22.00, 29.25, 27.75, 23.00, 23.00, 21.50, 21.25, 21.25, 21.00, 29.50, 26.00, 24.00, 22.00, 21.00, 21.25, 21.00, 21.25, 27.00, 28.00, 27.00, 21.50, 21.50, 21.00, 21.00, 21.00, 24.75, 22.25, 22.00, 21.00, 21.00, 21.25, 21.50, 21.75, 23.00, 21.75, 21.00, 21.50, 21.00, 20.50, 21.50, 23.00, 9
844, 0.00, 55.40, 0.00, 23.30, 16, 54, -29, 489, 1, 140, 141, 172, 0.94, 0.19, 0.14, 25.50, 25.25, 23.25, 22.75, 27.25, 24.00, 23.25, 22.50, 26.50, 24.50, 22.25, 21.50, 24.25, 24.50, 22.75, 21.25, 29.50, 28.25, 23.75, 21.50, 22.00, 22.25, 21.75, 21.50, 29.25, 27.50, 22.75, 22.50, 22.00, 21.75, 21.00, 20.75, 24.75, 28.00, 27.00, 23.00, 20.75, 20.75, 21.00, 21.00, 23.50, 22.25, 21.75, 20.75, 21.00, 21.50, 21.00, 20.75, 22.50, 21.00, 21.00, 20.75, 20.75, 20.75, 21.00, 22.00, 21.50, 21.25, 21.25, 20.25, 20.75, 20.25, 21.25, 21.50, 9
843, 0.00, 55.40, 0.00, 23.30, -26, 28, 1, 490, 1, 138, 140, 171, 1.01, 0.14, 0.05, 26.75, 25.50, 22.75, 22.75, 26.25, 24.00, 23.25, 21.75, 28.25, 25.75, 23.00, 22.00, 23.75, 24.25, 22.50, 21.25, 28.75, 26.25, 22.25, 22.00, 22.50, 22.00, 22.00, 21.50, 27.75, 28.75, 25.50, 22.25, 21.25, 21.50, 21.00, 20.75, 24.25, 25.25, 24.75, 21.25, 20.50, 21.00, 21.25, 21.25, 22.00, 21.00, 21.00, 21.25, 20.75, 21.25, 21.25, 21.00, 21.75, 21.00, 20.50, 20.75, 21.25, 21.50, 21.00, 22.25, 21.25, 21.00, 20.75, 21.00, 20.50, 20.25, 21.00, 22.25, 9
844, 1.20, 56.60, 0.00, 23.30, -7, 21, 3, 493, 1, 140, 140, 171, 1.03, 0.15, 0.03, 26.75, 25.50, 22.25, 23.00, 25.25, 24.00, 23.25, 21.50, 28.75, 25.50, 22.50, 22.00, 23.50, 23.25, 22.25, 20.75, 28.50, 26.50, 22.25, 23.50, 21.25, 20.75, 22.00, 21.75, 24.75, 28.00, 26.25, 21.75, 20.75, 21.00, 21.00, 21.00, 23.00, 22.25, 21.25, 21.00, 20.25, 20.50, 21.25, 21.00, 21.00, 21.25, 20.75, 20.50, 21.25, 20.75, 21.75, 21.25, 21.25, 21.00, 20.75, 20.50, 20.75, 21.00, 21.25, 21.25, 21.00, 20.75, 20.75, 21.00, 20.75, 20.50, 21.75, 22.75, 9
844, 0.00, 56.60, 0.00, 23.30, -1, 20, 0, 493, 1, 141, 142, 173, 0.89, 0.18, 0.42, 25.50, 25.25, 24.25, 23.75, 21.25, 23.00, 24.25, 25.25, 28.50, 26.50, 24.25, 22.00, 21.50, 21.50, 23.00, 26.25, 29.25, 29.00, 23.00, 22.00, 22.00, 21.50, 22.00, 22.25, 23.25, 28.50, 26.75, 24.50, 21.50, 21.00, 20.75, 20.25, 23.00, 24.00, 23.25, 22.00, 20.50, 20.75, 20.75, 21.50, 21.50, 21.25, 20.75, 20.75, 20.75, 21.25, 21.25, 21.25, 21.75, 20.50, 20.50, 20.50, 20.75, 21.00, 21.50, 21.00, 20.50, 20.50, 20.50, 20.75, 20.75, 20.50, 21.25, 21.50, 9
844, 0.00, 56.60, 0.00, 23.30, 20, 40, 34, 527, 1, 145, 146, 175, 0.58, 0.07, 0.82, 26.75, 26.75, 25.00, 22.50, 24.00, 24.50, 23.75, 23.50, 28.25, 26.25, 25.00, 21.50, 21.25, 21.75, 21.75, 20.75, 28.50, 29.75, 27.50, 21.25, 20.75, 21.75, 22.25, 21.75, 24.75, 29.25, 28.50, 22.25, 22.50, 21.00, 21.00, 20.75, 22.75, 26.50, 28.25, 23.50, 20.25, 20.25, 21.00, 21.00, 22.75, 21.75, 22.00, 20.50, 20.25, 21.00, 21.50, 20.50, 21.25, 20.75, 20.25, 20.50, 21.00, 21.00, 20.75, 21.50, 20.75, 20.50, 20.50, 20.25, 20.75, 20.25, 21.25, 21.00, 9
844, 0.60, 57.20, 0.00, 23.30, -11, 29, 61, 588, 1, 141, 141, 171, 0.16, -0.19, 0.86, 27.50, 26.75, 24.00, 22.75, 24.25, 25.50, 24.75, 25.50, 28.25, 27.00, 23.50, 21.50, 20.50, 21.50, 23.00, 25.50, 29.00, 28.50, 25.75, 21.25, 21.50, 21.50, 21.25, 22.25, 27.25, 29.25, 25.25, 22.00, 21.00, 20.50, 20.75, 20.00, 23.75, 24.50, 20.50, 20.00, 19.75, 19.75, 20.25, 20.25, 20.00, 19.75, 19.50, 18.75, 20.00, 20.75, 21.25, 20.50, 20.00, 19.50, 19.50, 19.75, 19.50, 19.75, 19.75, 20.75, 20.25, 19.75, 19.75, 19.50, 20.00, 19.25, 20.50, 20.25, 9
844, 0.00, 57.20, 0.00, 23.30, 106, 135, -63, 525, 1, 141, 142, 172, 0.03, -0.23, 0.82, 25.25, 27.25, 27.00, 26.25, 26.75, 26.25, 25.50, 25.50, 24.50, 27.25, 27.50, 24.75, 21.75, 23.00, 23.50, 23.50, 24.25, 29.00, 27.75, 25.25, 20.00, 21.25, 22.00, 23.25, 22.75, 28.75, 28.50, 25.75, 22.25, 21.50, 20.50, 20.50, 23.50, 25.50, 27.25, 21.50, 20.50, 20.00, 20.25, 20.50, 20.25, 19.75, 20.00, 19.00, 19.25, 20.00, 21.25, 20.25, 20.00, 19.00, 18.50, 19.25, 19.00, 19.00, 18.50, 19.75, 19.75, 19.50, 19.25, 19.50, 19.50, 19.25, 19.75, 20.50, 9
844, 0.00, 57.20, 0.00, 23.30, -68, 67, 41, 566, 1, 144, 144, 172, -0.01, -0.22, 0.84, 25.00, 26.75, 26.00, 25.50, 27.25, 25.75, 25.00, 25.50, 24.75, 26.75, 27.25, 24.50, 22.50, 24.00, 24.00, 23.00, 25.50, 29.50, 28.00, 24.25, 20.00, 20.25, 22.50, 22.50, 23.25, 29.25, 28.50, 26.50, 21.75, 21.50, 20.50, 20.25, 21.75, 26.00, 28.75, 24.50, 21.50, 20.50, 20.00, 20.25, 22.00, 22.25, 23.75, 20.00, 19.75, 19.75, 20.50, 20.00, 21.25, 19.25, 18.75, 18.75, 19.00, 19.25, 18.50, 19.50, 20.00, 19.00, 19.25, 18.75, 18.50, 18.75, 19.25, 20.00, 9
844, -0.10, 57.10, 0.00, 23.30, -44, 23, 48, 614, 1, 144, 144, 173, -0.25, -0.16, 0.84, 25.00, 27.00, 26.00, 26.50, 27.50, 25.75, 25.50, 24.75, 23.50, 27.50, 27.50, 26.25, 23.00, 22.00, 24.00, 22.75, 24.50, 29.50, 27.75, 27.25, 20.75, 20.00, 21.75, 21.75, 23.00, 29.00, 27.75, 24.75, 23.75, 22.00, 21.00, 19.50, 21.50, 26.75, 27.75, 23.25, 22.00, 20.00, 20.00, 19.75, 20.75, 22.25, 22.75, 19.25, 19.25, 20.00, 20.75, 19.50, 18.50, 19.75, 18.75, 18.50, 18.75, 19.25, 18.50, 19.00, 18.50, 19.50, 18.50, 18.75, 18.25, 18.50, 19.00, 20.00, 9
844, 0.00, 57.10, 0.00, 23.30, 17, 40, 4, 618, 1, 142, 142, 173, -0.34, -0.21, 0.82, 24.75, 26.50, 26.75, 27.00, 27.75, 26.25, 25.75, 24.75, 23.50, 27.25, 27.00, 26.75, 24.25, 22.00, 23.25, 22.50, 24.00, 29.00, 27.50, 25.25, 24.25, 20.50, 21.50, 21.25, 21.75, 28.75, 27.00, 23.00, 24.25, 21.50, 20.00, 19.50, 22.50, 25.50, 24.50, 20.00, 22.50, 20.00, 20.25, 19.50, 19.50, 17.25, 19.50, 18.25, 18.50, 20.00, 20.75, 19.75, 20.00, 17.00, 18.50, 18.25, 18.75, 18.75, 18.75, 19.75, 18.00, 18.75, 19.00, 18.50, 17.75, 18.75, 19.00, 19.75, 9
844, 0.00, 57.10, 0.00, 23.30, -9, 31, 12, 630, 1, 140, 140, 171, -0.29, -0.21, 0.82, 23.25, 25.75, 26.25, 27.75, 26.75, 26.25, 25.00, 24.25, 25.25, 26.50, 25.50, 24.25, 24.50, 21.75, 22.75, 23.75, 26.25, 27.00, 23.25, 23.00, 23.75, 20.50, 20.25, 20.75, 19.00, 22.00, 20.00, 20.50, 25.25, 19.75, 19.75, 19.25, 18.00, 18.50, 18.25, 18.75, 19.25, 19.25, 19.50, 20.00, 18.00, 17.50, 19.25, 18.00, 18.50, 19.75, 19.75, 19.00, 18.50, 18.50, 18.00, 18.00, 18.50, 18.75, 18.75, 19.25, 18.50, 19.25, 19.00, 19.00, 18.50, 18.25, 19.00, 19.50, 9
844, 0.00, 57.10, 0.00, 23.30, 11, 42, 5, 635, 1, 139, 140, 170, -0.28, -0.20, 0.84, 23.25, 25.75, 26.25, 27.50, 27.50, 26.25, 24.75, 24.00, 26.25, 26.25, 25.00, 23.50, 23.75, 21.00, 22.50, 23.25, 25.25, 26.25, 22.75, 22.25, 24.00, 20.75, 20.25, 21.00, 19.25, 20.50, 19.50, 20.00, 23.00, 19.75, 19.75, 19.00, 18.50, 17.25, 18.75, 19.00, 19.00, 19.25, 19.75, 19.25, 18.75, 16.75, 18.25, 17.75, 18.75, 19.25, 20.00, 20.00, 19.75, 17.50, 18.00, 18.00, 18.25, 18.50, 18.50, 19.25, 18.75, 18.25, 19.00, 19.00, 17.75, 18.25, 18.75, 19.00, 9
844, 0.00, 57.10, 0.00, 23.30, 1, 43, -9, 626, 1, 141, 142, 173, -0.25, -0.20, 0.81, 23.25, 25.50, 26.50, 28.00, 27.00, 26.75, 25.50, 25.00, 26.75, 27.00, 25.00, 23.75, 23.75, 21.50, 22.75, 23.50, 27.75, 27.50, 23.75, 22.50, 23.75, 21.00, 20.75, 21.50, 19.25, 23.25, 19.75, 20.25, 24.50, 20.00, 19.50, 19.25, 17.50, 19.25, 18.25, 18.75, 19.00, 19.50, 19.75, 19.75, 18.00, 17.75, 18.75, 17.75, 19.00, 19.25, 20.25, 20.00, 18.25, 18.25, 18.00, 17.50, 18.50, 18.25, 18.25, 19.25, 18.50, 19.00, 18.25, 18.75, 18.25, 18.00, 18.75, 18.75, 9
844, 0.00, 57.10, 0.00, 23.30, 119, 162, -3, 623, 1, 138, 139, 171, -0.20, -0.27, 0.81, 21.75, 24.50, 26.75, 27.25, 26.25, 26.50, 25.50, 24.50, 21.00, 23.00, 27.00, 26.25, 26.50, 26.25, 25.00, 23.25, 21.00, 22.25, 28.00, 26.50, 21.00, 24.00, 22.50, 22.25, 22.00, 21.75, 28.25, 26.00, 22.75, 21.00, 21.00, 19.25, 22.75, 21.25, 25.25, 22.25, 19.75, 19.00, 19.50, 19.50, 17.50, 19.25, 19.25, 17.50, 18.25, 19.50, 19.75, 19.25, 18.00, 19.00, 18.50, 17.75, 18.25, 18.50, 17.75, 19.00, 19.25, 18.25, 18.25, 18.25, 17.75, 18.25, 18.00, 18.75, 9
844, 0.50, 57.60, 0.00, 23.30, -124, 38, 0, 623, 1, 138, 138, 170, -0.20, -0.25, 0.83, 21.75, 23.50, 26.25, 27.50, 27.00, 27.00, 26.00, 25.50, 20.75, 22.75, 26.50, 27.00, 26.75, 26.50, 26.25, 23.00, 21.75, 21.25, 25.50, 27.25, 23.00, 23.00, 23.50, 22.75, 22.25, 21.50, 27.00, 27.00, 24.75, 21.50, 21.75, 19.75, 23.00, 21.00, 25.25, 25.25, 22.00, 19.25, 19.25, 19.50, 19.75, 20.00, 19.75, 18.75, 19.25, 19.50, 20.00, 19.25, 18.75, 18.25, 17.75, 18.25, 18.50, 18.25, 18.50, 18.75, 18.75, 18.25, 18.25, 18.00, 18.00, 18.00, 18.75, 18.75, 9
844, 0.00, 57.60, 0.00, 23.30, -10, 28, -1, 622, 1, 137, 138, 171, -0.18, -0.26, 0.84, 22.00, 23.50, 26.00, 27.25, 26.75, 27.25, 25.75, 25.50, 21.00, 22.75, 26.00, 26.50, 26.75, 26.75, 25.75, 23.25, 21.25, 21.00, 25.50, 27.00, 22.75, 23.00, 23.50, 22.75, 21.50, 21.75, 27.50, 26.75, 24.00, 21.50, 21.50, 20.25, 23.00, 20.75, 26.25, 25.25, 22.00, 19.75, 19.50, 20.00, 20.25, 20.25, 20.00, 19.25, 18.75, 19.50, 20.25, 19.75, 19.50, 18.25, 18.00, 18.25, 18.50, 18.50, 19.00, 19.25, 19.25, 18.50, 18.50, 17.75, 18.50, 18.25, 19.00, 19.00, 9
844, 0.00, 57.60, 0.00, 23.30, -1, 27, 0, 622, 1, 137, 138, 169, -0.18, -0.27, 0.83, 21.25, 23.00, 26.75, 26.25, 27.50, 27.00, 25.50, 25.00, 20.50, 22.50, 26.00, 26.50, 26.75, 26.75, 26.00, 24.00, 20.50, 20.75, 25.00, 27.25, 22.75, 23.50, 24.50, 22.50, 20.25, 21.00, 26.50, 27.50, 24.75, 22.00, 21.50, 20.50, 22.75, 21.00, 26.00, 27.00, 23.50, 20.25, 19.75, 19.25, 20.75, 21.00, 21.75, 20.25, 19.50, 18.75, 19.50, 19.50, 19.25, 18.50, 17.75, 18.25, 18.75, 18.75, 18.25, 18.75, 18.50, 18.75, 18.00, 18.25, 18.00, 18.50, 18.75, 19.50, 9
844, 0.60, 58.20, 0.00, 23.30, 0, 27, -2, 620, 1, 137, 138, 169, -0.20, -0.30, 0.82, 21.50, 22.50, 25.75, 26.50, 27.75, 26.25, 25.50, 25.25, 20.75, 22.00, 26.25, 26.75, 25.75, 27.25, 25.75, 24.00, 21.25, 20.50, 24.25, 27.25, 23.75, 22.75, 24.75, 22.75, 20.25, 21.00, 25.25, 28.00, 25.25, 22.25, 21.00, 20.00, 22.75, 21.00, 25.00, 27.00, 23.75, 20.25, 19.75, 19.25, 20.75, 20.75, 22.00, 20.75, 19.25, 19.25, 19.75, 20.00, 19.50, 18.75, 17.75, 18.50, 18.50, 18.50, 18.75, 18.75, 19.25, 18.00, 18.25, 18.75, 18.25, 18.25, 19.00, 19.00, 9
844, 0.00, 58.20, 0.00, 23.30, 12, 39, 0, 620, 1, 137, 138, 171, -0.22, -0.30, 0.81, 21.25, 22.50, 26.00, 26.00, 28.00, 26.75, 25.50, 25.50, 20.50, 22.00, 26.00, 26.75, 26.50, 26.75, 25.50, 24.50, 20.75, 20.75, 23.25, 27.50, 24.00, 22.25, 24.50, 22.50, 20.50, 21.00, 25.50, 28.25, 25.25, 21.75, 21.75, 19.50, 22.75, 21.00, 25.25, 27.75, 24.00, 20.50, 19.50, 19.50, 20.25, 21.25, 23.00, 21.75, 19.75, 19.50, 20.50, 20.00, 19.25, 18.50, 18.25, 18.50, 18.75, 18.75, 18.50, 18.75, 19.75, 18.50, 18.25, 18.50, 18.25, 17.75, 18.75, 19.00, 9
844, 0.00, 58.20, 0.00, 23.30, 48, 87, 1, 621, 1, 137, 138, 170, -0.22, -0.27, 0.82, 21.25, 22.25, 26.00, 25.50, 28.00, 26.25, 25.75, 25.50, 20.25, 21.75, 25.75, 26.75, 26.25, 27.00, 25.75, 24.00, 20.75, 20.50, 23.75, 27.25, 24.25, 22.00, 24.75, 22.75, 20.25, 21.00, 25.25, 28.00, 25.50, 21.50, 21.00, 20.00, 22.75, 21.00, 25.00, 27.25, 24.25, 20.00, 19.75, 19.50, 19.50, 20.75, 21.75, 20.75, 19.25, 19.25, 20.00, 19.50, 18.25, 18.50, 18.25, 18.25, 19.25, 18.50, 18.00, 18.50, 18.75, 18.50, 18.75, 18.50, 18.00, 18.25, 18.75, 19.00, 9
844, 1.30, 59.50, 0.00, 23.30, -36, 51, 2, 623, 1, 137, 137, 169, -0.21, -0.26, 0.83, 21.50, 22.25, 26.25, 26.25, 28.25, 26.75, 26.00, 25.50, 20.50, 22.00, 25.75, 27.25, 26.75, 26.75, 26.25, 24.00, 20.75, 20.75, 23.75, 27.50, 24.00, 22.50, 25.25, 22.25, 20.75, 21.00, 25.50, 28.00, 25.50, 21.50, 21.25, 19.75, 23.00, 21.00, 25.25, 27.25, 24.25, 20.25, 19.50, 20.00, 20.25, 21.75, 22.25, 20.75, 19.25, 19.25, 19.75, 19.75, 19.00, 19.25, 18.50, 18.50, 19.00, 18.50, 18.25, 19.00, 19.50, 19.25, 18.50, 18.00, 18.50, 18.25, 18.75, 18.75, 9
844, 0.00, 59.50, 0.00, 23.30, -25, 26, -1, 622, 1, 137, 139, 169, -0.26, -0.25, 0.80, 21.25, 22.75, 26.50, 26.25, 28.25, 26.00, 26.25, 24.75, 20.75, 21.75, 25.50, 27.00, 26.25, 26.50, 26.25, 23.50, 21.00, 20.75, 24.25, 28.00, 24.25, 21.25, 24.75, 22.75, 21.75, 21.75, 26.00, 28.00, 25.25, 22.00, 20.75, 19.50, 23.25, 21.75, 26.25, 26.50, 24.00, 20.00, 19.75, 19.25, 19.75, 20.50, 21.75, 20.00, 19.00, 19.00, 19.75, 20.00, 18.00, 19.00, 18.00, 18.50, 18.50, 18.25, 18.00, 18.25, 19.00, 18.75, 18.00, 18.50, 18.00, 18.00, 18.50, 19.50, 9
844, 0.00, 59.50, 0.00, 23.30, 15, 41, -6, 616, 1, 137, 138, 169, -0.29, -0.20, 0.81, 22.00, 22.50, 26.75, 26.00, 28.25, 26.50, 26.00, 25.25, 21.00, 22.00, 25.25, 26.50, 25.75, 26.50, 24.75, 23.75, 21.25, 21.25, 24.25, 28.00, 24.50, 21.00, 23.50, 21.50, 21.75, 21.75, 26.75, 27.25, 24.75, 21.75, 20.50, 20.25, 23.00, 21.50, 26.75, 25.50, 23.25, 20.00, 19.50, 19.25, 19.75, 19.50, 20.75, 18.75, 19.00, 18.75, 19.50, 19.00, 18.50, 19.00, 18.50, 18.25, 18.50, 18.00, 17.75, 18.75, 18.75, 18.25, 18.50, 18.50, 18.00, 18.00, 18.75, 19.25, 9
844, 0.20, 59.70, 0.00, 23.30, -1, 40, -22, 594, 1, 137, 138, 171, -0.30, -0.18, 0.81, 22.25, 22.50, 26.25, 27.00, 28.25, 26.00, 25.50, 25.00, 21.00, 21.50, 25.00, 26.00, 27.00, 25.25, 24.50, 21.75, 20.75, 20.50, 24.00, 27.00, 24.50, 20.50, 23.25, 21.25, 21.25, 21.50, 27.00, 27.25, 25.00, 22.00, 20.50, 19.25, 22.75, 19.50, 27.25, 26.25, 23.25, 20.00, 19.50, 19.25, 20.25, 19.25, 22.25, 19.50, 18.75, 19.00, 19.50, 19.75, 20.00, 18.25, 18.75, 18.25, 18.00, 18.25, 17.75, 18.50, 18.50, 18.25, 18.50, 19.00, 18.00, 18.25, 19.00, 19.00, 9
844, 0.00, 59.70, 0.00, 23.30, 6, 46, -41, 553, 1, 137, 138, 170, -0.24, -0.16, 0.84, 20.75, 22.50, 26.00, 26.75, 28.25, 26.00, 25.75, 24.50, 20.50, 21.50, 24.75, 26.25, 27.00, 25.50, 24.25, 22.00, 20.25, 20.25, 24.25, 27.25, 23.50, 20.75, 23.00, 21.25, 21.00, 21.75, 27.00, 27.50, 24.75, 22.25, 20.50, 19.00, 22.75, 21.50, 27.00, 26.25, 23.00, 19.75, 19.50, 19.00, 19.75, 20.25, 21.50, 19.00, 18.50, 18.75, 19.50, 19.25, 18.00, 18.75, 18.25, 18.25, 18.00, 18.25, 18.25, 18.25, 18.50, 18.25, 18.75, 19.00, 17.75, 18.25, 18.75, 18.50, 9
844, 0.00, 59.70, 0.00, 23.30, 28, 74, 1, 554, 1, 137, 138, 169, -0.23, -0.19, 0.82, 21.00, 22.50, 26.25, 26.50, 28.25, 25.50, 25.25, 24.75, 20.50, 21.75, 25.25, 26.50, 27.00, 25.75, 23.25, 22.75, 20.25, 20.75, 25.25, 27.25, 23.00, 21.25, 23.75, 21.00, 21.00, 21.75, 27.25, 27.75, 24.50, 21.50, 21.00, 19.25, 22.75, 20.75, 27.25, 26.00, 22.75, 20.00, 19.50, 19.25, 21.00, 21.00, 22.75, 19.50, 18.75, 18.75, 19.75, 19.00, 18.25, 18.50, 18.25, 18.25, 18.25, 18.50, 17.75, 18.25, 18.75, 19.00, 18.25, 18.25, 17.75, 17.75, 19.00, 18.50, 9
844, 0.10, 59.80, 0.00, 23.30, -27, 47, -3, 551, 1, 137, 139, 169, -0.23, -0.18, 0.85, 21.50, 23.25, 26.50, 27.25, 28.25, 25.50, 26.00, 24.75, 20.50, 22.75, 25.75, 26.25, 27.00, 26.75, 23.00, 22.75, 20.75, 21.25, 26.00, 27.50, 23.25, 21.25, 23.75, 21.75, 21.25, 22.00, 28.00, 27.75, 24.50, 22.00, 20.75, 19.75, 23.00, 21.50, 28.00, 26.00, 22.50, 20.00, 19.75, 19.25, 20.25, 21.25, 22.25, 19.25, 19.25, 18.75, 19.75, 20.00, 17.50, 19.25, 18.25, 18.25, 18.25, 18.25, 18.00, 19.00, 18.75, 18.75, 18.25, 18.25, 18.50, 18.25, 18.75, 20.00, 9
844, 0.00, 59.80, 0.00, 23.30, -12, 35, 11, 562, 1, 137, 139, 171, -0.23, -0.16, 0.82, 22.00, 23.25, 26.75, 27.25, 28.50, 25.50, 25.50, 25.00, 20.25, 22.50, 26.50, 26.75, 27.00, 26.00, 23.00, 22.75, 20.75, 21.50, 26.75, 27.50, 23.00, 21.50, 23.25, 21.75, 21.75, 22.25, 28.75, 27.75, 24.00, 22.00, 21.25, 19.25, 22.75, 21.75, 28.25, 25.75, 21.75, 19.75, 19.50, 19.25, 20.00, 21.25, 22.25, 19.50, 18.75, 19.25, 19.75, 19.00, 18.25, 19.00, 18.50, 18.50, 18.50, 18.25, 17.50, 19.25, 18.50, 19.00, 18.00, 18.25, 18.00, 18.00, 18.75, 18.25, 9
844, 0.00, 59.80, 0.00, 23.30, 1, 36, 52, 614, 1, 138, 139, 171, -0.22, -0.18, 0.82, 21.75, 23.25, 26.50, 27.00, 28.75, 25.75, 25.25, 24.75, 20.50, 22.25, 26.00, 26.00, 27.00, 25.75, 22.50, 23.25, 20.25, 21.50, 26.75, 27.75, 22.75, 21.25, 23.50, 21.75, 21.50, 22.00, 28.50, 28.00, 24.00, 21.75, 21.00, 19.50, 22.75, 21.75, 28.00, 26.00, 22.00, 20.00, 19.50, 19.25, 20.50, 20.75, 22.25, 19.25, 18.75, 19.00, 19.50, 19.50, 17.75, 19.00, 18.25, 18.00, 18.25, 18.25, 18.00, 19.00, 18.00, 19.25, 19.00, 18.50, 17.75, 18.25, 19.00, 19.00, 9
844, -0.40, 59.40, 0.00, 23.30, -2, 34, 8, 622, 1, 139, 139, 170, -0.22, -0.18, 0.84, 21.75, 23.00, 26.50, 27.25, 28.50, 26.00, 25.50, 25.25, 21.00, 22.50, 26.50, 26.50, 26.75, 26.00, 23.25, 23.00, 21.00, 21.50, 27.00, 28.00, 23.25, 21.75, 23.75, 21.50, 21.75, 22.25, 28.50, 27.75, 23.75, 22.00, 20.50, 19.25, 23.25, 21.75, 28.50, 26.00, 22.25, 19.75, 19.75, 19.50, 20.25, 21.00, 22.50, 19.50, 18.75, 19.50, 19.75, 19.75, 18.25, 19.00, 18.75, 18.25, 18.25, 18.50, 18.00, 19.00, 18.50, 19.25, 19.00, 18.75, 18.00, 18.50, 19.25, 19.25, 9
844, 0.00, 59.40, 0.00, 23.30, -3, 31, 1, 623, 1, 139, 140, 170, -0.25, -0.17, 0.84, 21.50, 24.00, 27.00, 27.50, 29.00, 25.75, 25.75, 25.25, 21.50, 22.50, 26.50, 27.00, 26.75, 26.25, 23.50, 23.50, 21.25, 22.25, 27.75, 28.00, 23.50, 22.00, 24.00, 21.25, 22.50, 23.25, 28.75, 27.75, 24.00, 21.75, 20.75, 19.75, 22.75, 22.50, 28.00, 25.75, 21.75, 20.00, 19.50, 19.75, 19.75, 20.75, 21.50, 19.25, 18.75, 18.75, 20.25, 20.00, 18.00, 20.25, 18.25, 18.50, 18.25, 19.25, 19.00, 19.25, 18.50, 19.50, 19.25, 18.75, 19.00, 18.50, 18.75, 19.50, 9
844, 0.00, 59.40, 0.00, 23.30, 4, 35, 1, 624, 0, 140, 140, 171, -0.23, -0.20, 0.82, 22.25, 23.75, 26.75, 27.75, 28.50, 26.25, 26.25, 25.00, 21.25, 22.25, 26.75, 27.25, 26.75, 25.75, 23.25, 23.50, 21.00, 22.25, 27.50, 28.00, 23.25, 22.00, 24.00, 21.50, 22.25, 23.00, 29.00, 27.75, 23.75, 22.00, 20.75, 19.75, 22.50, 22.50, 28.00, 26.00, 21.25, 20.00, 19.50, 19.25, 20.25, 20.50, 21.50, 19.00, 18.75, 19.25, 20.00, 20.00, 19.75, 19.00, 18.50, 18.75, 18.50, 19.00, 18.50, 19.25, 19.00, 19.00, 18.75, 18.50, 18.75, 18.50, 19.25, 19.50, 9
844, -0.30, 59.10, 0.00, 23.30, -5, 30, -1, 623, 0, 139, 141, 171, -0.24, -0.21, 0.83, 21.75, 24.25, 27.00, 27.50, 29.00, 26.25, 26.00, 25.50, 21.25, 22.25, 26.25, 27.25, 26.50, 26.50, 23.25, 23.25, 21.75, 22.50, 28.25, 28.00, 23.25, 22.00, 23.75, 21.75, 22.75, 23.25, 29.25, 28.00, 24.00, 22.25, 21.00, 19.75, 22.75, 22.75, 28.25, 25.25, 21.00, 20.00, 19.75, 19.00, 20.00, 20.00, 21.25, 19.00, 19.00, 19.25, 20.00, 20.00, 19.25, 19.50, 18.75, 18.50, 18.75, 19.00, 18.25, 19.25, 18.25, 19.00, 19.25, 19.00, 18.50, 18.50, 18.75, 19.25, 9
844, 0.00, 59.10, 0.00, 23.30, 2, 32, 1, 624, 0, 140, 140, 171, -0.24, -0.23, 0.84, 22.25, 24.25, 27.25, 27.25, 28.75, 26.00, 26.00, 25.25, 20.50, 22.50, 27.00, 27.00, 26.00, 26.25, 23.25, 23.50, 21.50, 23.50, 28.50, 28.00, 22.75, 22.25, 23.75, 21.75, 22.25, 25.25, 28.50, 27.25, 23.50, 21.75, 20.50, 19.50, 22.00, 24.25, 26.50, 25.00, 20.50, 20.00, 19.75, 19.75, 19.50, 20.00, 20.75, 18.50, 18.50, 19.25, 20.00, 19.50, 18.50, 18.75, 18.50, 18.50, 18.75, 18.50, 18.25, 19.00, 19.00, 19.00, 19.25, 19.50, 18.75, 18.75, 19.25, 19.50, 9
844, 0.00, 59.10, 0.00, 23.30, 71, 103, 1, 625, 0, 140, 141, 172, -0.24, -0.23, 0.80, 21.75, 23.25, 26.50, 27.25, 28.50, 25.75, 25.75, 25.00, 20.75, 22.50, 26.75, 26.75, 26.25, 26.00, 22.50, 23.25, 21.25, 22.50, 28.50, 28.25, 22.50, 22.50, 24.00, 21.75, 22.25, 23.50, 29.00, 27.50, 23.75, 21.75, 20.50, 19.50, 21.25, 24.00, 27.00, 25.00, 20.25, 19.75, 19.25, 19.75, 19.50, 20.50, 20.75, 18.75, 18.50, 19.00, 19.75, 19.75, 18.25, 19.25, 18.25, 18.25, 18.25, 18.50, 18.50, 18.50, 18.75, 19.00, 19.50, 19.25, 18.50, 18.50, 19.00, 19.50, 9
844, 0.40, 59.50, 0.00, 23.30, -77, 26, 0, 625, 0, 140, 140, 171, -0.24, -0.24, 0.82, 22.25, 23.75, 27.25, 28.00, 28.25, 25.75, 25.75, 25.00, 20.75, 22.25, 27.50, 27.00, 26.25, 25.50, 23.25, 22.75, 20.75, 23.25, 28.25, 28.00, 22.25, 22.75, 23.75, 21.50, 21.50, 25.00, 28.25, 27.25, 23.25, 21.50, 20.25, 19.25, 21.50, 24.75, 26.25, 24.75, 20.00, 19.75, 20.00, 19.75, 18.25, 20.00, 19.75, 18.50, 18.75, 18.75, 19.50, 19.75, 18.25, 19.25, 18.00, 18.50, 18.75, 19.00, 18.50, 18.75, 18.75, 18.50, 18.75, 19.25, 18.00, 18.00, 19.25, 19.75, 9
844, 0.00, 59.50, 0.00, 23.30, 4, 30, 0, 625, 0, 140, 140, 172, -0.24, -0.24, 0.81, 21.50, 23.50, 27.00, 27.75, 28.75, 26.25, 26.00, 25.00, 20.75, 22.00, 27.00, 26.75, 25.50, 26.50, 23.00, 23.25, 21.75, 23.50, 28.25, 28.25, 22.75, 22.50, 23.50, 21.75, 22.50, 25.00, 28.50, 27.00, 23.50, 21.25, 20.50, 18.75, 21.00, 24.50, 25.75, 24.00, 19.75, 19.75, 19.75, 19.75, 18.00, 19.75, 19.50, 18.00, 18.50, 18.75, 19.75, 19.00, 18.25, 19.25, 18.50, 18.25, 18.50, 18.25, 17.75, 19.00, 18.25, 18.50, 18.50, 19.00, 19.00, 18.00, 19.00, 19.25, 9
844, 0.00, 59.50, 0.00, 23.30, 8, 38, 0, 625, 0, 140, 141, 171, -0.23, -0.23, 0.82, 21.50, 24.00, 26.75, 27.00, 28.75, 25.50, 26.00, 25.25, 20.50, 22.00, 27.00, 26.25, 25.75, 26.00, 23.25, 23.25, 21.25, 22.25, 28.25, 27.75, 22.50, 22.25, 23.25, 21.75, 21.75, 25.00, 28.25, 27.25, 23.50, 21.75, 20.50, 19.25, 21.00, 24.50, 26.75, 24.75, 20.25, 19.75, 19.50, 19.50, 18.50, 20.25, 19.75, 18.25, 18.50, 19.00, 19.25, 20.00, 18.25, 19.25, 18.25, 18.00, 18.25, 18.50, 17.75, 19.00, 18.50, 19.00, 18.75, 19.00, 18.50, 18.75, 19.25, 19.00, 9
844, 1.60, 61.10, 0.10, 23.40, -16, 22, 0, 625, 0, 140, 140, 171, -0.21, -0.23, 0.82, 21.50, 23.50, 26.50, 26.75, 28.25, 26.25, 26.25, 25.25, 20.75, 22.25, 27.00, 26.75, 26.75, 27.00, 23.50, 24.00, 21.00, 22.50, 28.00, 27.75, 23.25, 22.75, 24.50, 22.00, 21.25, 24.75, 28.50, 27.75, 24.25, 22.25, 21.00, 19.25, 19.75, 24.75, 27.50, 25.50, 21.00, 20.00, 19.25, 19.50, 19.25, 21.00, 21.00, 18.75, 18.50, 19.00, 19.25, 19.50, 19.00, 19.25, 18.50, 18.25, 18.00, 18.00, 18.00, 19.00, 18.50, 19.00, 18.75, 19.00, 18.50, 18.00, 19.50, 19.25, 9
844, 0.00, 61.10, 0.00, 23.40, 10, 32, -1, 624, 0, 140, 140, 171, -0.22, -0.23, 0.83, 21.50, 24.25, 27.00, 27.00, 28.75, 27.00, 26.25, 25.25, 20.75, 22.75, 26.50, 26.75, 26.25, 26.75, 23.75, 23.75, 21.25, 22.75, 28.00, 27.50, 22.75, 23.50, 24.75, 21.50, 21.50, 24.75, 28.50, 27.75, 24.00, 22.25, 21.00, 19.75, 19.75, 24.75, 27.25, 25.75, 21.00, 19.50, 20.00, 19.25, 19.50, 21.75, 21.00, 19.00, 18.75, 18.75, 19.75, 20.00, 18.50, 19.50, 18.25, 18.25, 18.50, 18.75, 18.00, 18.75, 19.00, 19.25, 18.75, 18.75, 19.00, 18.25, 19.25, 19.75, 9
844, 0.00, 61.10, 0.00, 23.40, -6, 26, 1, 625, 1, 140, 140, 171, -0.22, -0.24, 0.82, 21.75, 24.00, 26.75, 27.25, 28.75, 27.00, 26.00, 25.50, 21.00, 22.00, 27.00, 27.00, 26.00, 26.75, 24.00, 23.75, 20.75, 22.50, 28.00, 28.00, 22.75, 23.50, 24.00, 21.75, 21.75, 25.00, 28.50, 27.50, 24.00, 22.25, 21.25, 20.00, 20.00, 25.25, 27.25, 25.75, 21.00, 19.75, 20.25, 19.25, 18.75, 21.75, 21.00, 19.00, 18.75, 18.75, 19.25, 19.50, 18.25, 19.25, 18.25, 18.25, 18.50, 18.25, 17.50, 19.00, 19.50, 19.00, 18.50, 19.00, 18.25, 17.75, 18.25, 19.00, 9
844, 1.30, 62.40, 0.00, 23.40, 54, 80, -1, 624, 1, 140, 140, 172, -0.22, -0.23, 0.83, 21.50, 23.50, 26.75, 27.50, 28.75, 27.00, 26.25, 25.50, 21.00, 22.75, 27.25, 26.75, 26.25, 27.00, 24.00, 24.00, 21.25, 23.00, 28.25, 27.75, 22.50, 23.00, 24.50, 22.50, 21.25, 25.75, 28.50, 27.75, 24.00, 22.50, 21.50, 19.25, 20.25, 25.75, 27.75, 26.00, 21.25, 20.00, 19.50, 19.50, 19.00, 22.00, 20.75, 19.25, 18.50, 18.75, 19.75, 20.00, 18.25, 19.25, 18.50, 18.25, 18.50, 18.75, 18.25, 19.00, 19.50, 18.75, 19.00, 19.25, 18.50, 18.50, 18.75, 19.75, 9
844, 0.00, 62.40, 0.00, 23.40, -56, 24, 0, 624, 1, 140, 140, 171, -0.22, -0.24, 0.81, 21.75, 24.75, 26.75, 27.50, 29.00, 26.50, 26.50, 25.75, 21.00, 22.50, 27.50, 27.25, 26.50, 27.00, 24.00, 24.00, 21.50, 23.50, 28.00, 28.00, 22.50, 23.50, 24.25, 21.75, 21.75, 26.00, 28.25, 28.00, 24.25, 22.50, 20.75, 20.00, 19.25, 26.00, 27.50, 26.00, 21.00, 20.25, 20.00, 19.50, 19.50, 21.75, 21.00, 19.00, 19.00, 18.75, 20.00, 19.75, 18.75, 19.50, 18.75, 18.25, 18.25, 18.50, 18.50, 19.00, 19.75, 18.75, 18.75, 18.50, 18.50, 18.25, 18.75, 19.00, 9
844, 0.00, 62.40, 0.00, 23.40, 9, 33, 0, 624, 1, 140, 140, 171, -0.22, -0.26, 0.82, 21.50, 24.00, 26.75, 27.25, 28.50, 26.50, 26.25, 25.50, 21.25, 22.25, 27.50, 26.50, 26.00, 26.75, 24.25, 24.00, 21.25, 24.00, 28.25, 28.00, 22.00, 23.75, 23.75, 22.50, 21.25, 25.75, 28.25, 28.25, 23.50, 22.50, 20.75, 19.50, 19.25, 26.25, 27.50, 25.75, 20.75, 20.00, 20.00, 20.00, 19.00, 21.75, 20.75, 19.00, 19.25, 19.00, 19.75, 19.75, 18.75, 19.50, 18.75, 18.25, 18.50, 18.50, 18.50, 18.75, 19.25, 19.25, 19.25, 19.00, 18.50, 18.25, 19.00, 19.50, 9
844, 1.10, 63.50, 0.00, 23.40, -1, 32, -1, 623, 1, 140, 140, 172, -0.21, -0.26, 0.81, 22.00, 24.25, 27.25, 27.50, 28.75, 26.75, 26.25, 26.00, 21.25, 23.00, 27.50, 27.00, 26.50, 27.00, 24.25, 24.00, 21.50, 24.00, 28.50, 28.25, 22.00, 23.75, 24.00, 21.75, 21.25, 26.75, 29.00, 28.00, 23.50, 22.00, 21.25, 19.50, 20.00, 26.75, 27.25, 26.00, 21.00, 20.00, 20.00, 20.00, 19.00, 21.50, 20.75, 19.00, 19.00, 18.50, 20.25, 20.00, 18.75, 19.25, 18.25, 18.50, 18.75, 19.25, 18.50, 18.75, 19.00, 19.00, 19.25, 19.00, 18.50, 18.50, 19.00, 20.00, 9
844, 0.00, 63.50, 0.00, 23.40, -4, 28, 1, 624, 1, 140, 140, 172, -0.22, -0.25, 0.83, 21.75, 24.75, 27.00, 27.75, 29.00, 26.25, 26.50, 25.50, 21.50, 22.75, 27.00, 27.00, 26.50, 27.25, 24.50, 24.25, 21.75, 24.75, 28.75, 28.25, 22.50, 24.00, 24.25, 22.00, 21.75, 26.75, 28.25, 27.75, 23.50, 22.25, 20.50, 19.75, 19.75, 27.25, 27.00, 25.75, 21.00, 20.50, 20.00, 19.50, 18.75, 21.50, 20.25, 19.00, 19.00, 19.00, 19.75, 20.25, 18.75, 19.50, 18.50, 18.25, 18.75, 19.00, 18.25, 19.25, 19.50, 19.25, 19.75, 19.00, 18.25, 18.75, 19.50, 19.50, 9
844, 0.00, 63.50, 0.00, 23.40, 7, 35, -31, 593, 1, 140, 140, 172, -0.22, -0.25, 0.84, 21.50, 24.50, 26.75, 28.00, 28.75, 26.50, 25.75, 26.00, 20.75, 22.75, 27.50, 27.00, 26.25, 27.00, 24.00, 24.25, 21.50, 24.25, 28.75, 28.00, 22.25, 24.00, 24.25, 22.00, 21.75, 27.25, 28.50, 27.50, 23.50, 22.00, 21.00, 19.50, 20.25, 26.75, 26.25, 25.25, 20.25, 19.75, 19.75, 19.50, 18.25, 21.00, 19.50, 19.25, 18.75, 19.00, 20.00, 19.75, 18.50, 19.25, 18.25, 18.25, 18.25, 19.00, 17.75, 18.50, 19.25, 19.25, 18.50, 18.50, 18.00, 18.50, 19.25, 19.75, 9
844, 1.70, 65.20, 0.00, 23.40, 37, 72, -10, 583, 1, 140, 140, 172, -0.22, -0.27, 0.83, 21.50, 24.00, 27.25, 27.75, 28.75, 27.25, 26.25, 25.50, 21.00, 22.50, 27.25, 27.00, 25.50, 27.00, 23.75, 23.75, 22.00, 24.50, 28.75, 28.75, 22.75, 23.25, 24.25, 22.00, 21.00, 26.75, 28.75, 27.50, 23.75, 22.50, 20.50, 19.00, 20.00, 26.50, 25.75, 25.25, 20.25, 19.75, 19.75, 19.50, 18.50, 20.25, 19.50, 18.25, 19.00, 19.00, 19.50, 19.25, 18.50, 19.25, 18.00, 18.50, 18.50, 18.25, 18.25, 19.25, 19.25, 18.50, 19.00, 19.25, 18.75, 17.75, 19.25, 19.50, 9
844, 0.00, 65.20, 0.00, 23.40, -46, 26, 2, 585, 1, 140, 140, 171, -0.22, -0.26, 0.81, 21.00, 23.50, 27.00, 27.50, 28.75, 28.00, 26.75, 25.25, 21.00, 22.50, 27.25, 27.25, 26.25, 27.00, 25.25, 24.00, 21.75, 23.25, 28.75, 28.00, 24.25, 22.25, 25.25, 22.25, 20.75, 26.00, 29.00, 27.50, 24.75, 22.75, 21.25, 19.50, 19.50, 26.25, 27.25, 25.50, 21.75, 20.00, 19.50, 19.75, 18.50, 21.00, 20.25, 19.00, 18.75, 19.00, 20.25, 19.75, 19.25, 19.00, 18.75, 18.25, 18.75, 18.50, 18.00, 18.75, 19.25, 18.75, 19.25, 18.75, 18.50, 18.00, 19.25, 19.00, 9
844, 0.00, 65.20, 0.00, 23.40, 0, 26, 3, 588, 1, 140, 140, 171, -0.21, -0.29, 0.83, 21.25, 22.50, 26.75, 27.00, 28.75, 28.75, 27.25, 25.50, 20.75, 21.75, 27.00, 26.75, 25.75, 27.00, 24.50, 23.75, 21.50, 23.00, 28.75, 28.00, 24.75, 23.00, 24.75, 22.25, 21.25, 24.75, 28.75, 27.00, 25.00, 22.75, 21.25, 19.25, 20.00, 25.25, 27.00, 25.50, 21.25, 20.25, 19.75, 19.75, 18.25, 20.25, 19.75, 18.25, 18.75, 19.00, 19.25, 19.00, 18.50, 19.00, 18.75, 17.75, 18.25, 18.00, 17.75, 18.50, 18.75, 19.00, 18.75, 18.75, 18.25, 18.25, 19.00, 19.50, 9
844, 1.50, 66.70, 0.00, 23.40, 3, 29, -8, 580, 1, 139, 140, 170, -0.19, -0.28, 0.81, 21.50, 22.75, 27.00, 27.00, 28.75, 28.50, 27.00, 26.25, 20.75, 22.50, 27.25, 27.25, 25.75, 27.25, 24.50, 24.00, 22.00, 24.25, 28.75, 28.25, 23.25, 23.25, 24.25, 22.00, 21.50, 26.75, 28.75, 27.00, 24.50, 22.50, 20.75, 19.75, 20.50, 26.75, 25.75, 25.00, 20.25, 19.75, 19.75, 19.50, 18.25, 20.00, 19.50, 18.75, 18.75, 18.75, 19.50, 19.75, 19.25, 19.50, 18.00, 17.75, 18.50, 18.25, 18.25, 18.50, 19.00, 19.25, 19.25, 18.75, 18.50, 18.50, 18.75, 19.00, 9
844, 0.00, 66.70, 0.00, 23.40, -6, 23, -6, 574, 1, 140, 140, 172, -0.19, -0.28, 0.83, 21.75, 22.75, 27.00, 27.50, 29.00, 28.75, 26.75, 26.50, 21.00, 22.50, 27.25, 27.00, 26.00, 27.50, 24.25, 24.00, 21.75, 24.50, 28.50, 28.50, 23.75, 24.00, 24.25, 22.50, 21.25, 27.00, 28.25, 27.50, 24.25, 22.75, 20.75, 19.50, 20.25, 26.75, 26.00, 25.00, 20.50, 20.00, 19.50, 19.75, 18.50, 20.50, 19.50, 18.75, 18.75, 19.00, 20.00, 20.00, 19.75, 19.50, 18.25, 18.50, 18.50, 18.75, 18.50, 19.00, 19.75, 19.00, 19.00, 18.75, 18.75, 18.25, 19.25, 19.50, 9
844, 0.00, 66.70, 0.00, 23.40, 2, 25, -5, 569, 1, 140, 141, 172, -0.15, -0.28, 0.84, 21.50, 23.00, 27.25, 27.25, 29.25, 28.50, 26.75, 25.50, 20.75, 22.75, 26.75, 27.00, 25.75, 26.75, 25.50, 24.00, 21.25, 26.00, 28.50, 28.00, 22.25, 24.75, 23.75, 22.00, 21.25, 28.00, 28.25, 27.75, 23.75, 22.75, 21.25, 19.50, 20.25, 28.00, 25.50, 25.00, 20.25, 19.75, 19.50, 20.00, 19.00, 20.50, 19.50, 18.50, 18.75, 19.00, 19.75, 20.00, 19.75, 18.75, 17.75, 18.00, 19.00, 18.75, 18.25, 19.50, 19.50, 19.00, 18.50, 18.50, 18.25, 18.75, 18.50, 19.00, 9
844, -1.10, 65.60, 0.00, 23.40, 28, 53, -1, 568, 1, 140, 141, 172, -0.15, -0.27, 0.84, 21.50, 23.50, 27.00, 26.75, 29.00, 28.50, 26.75, 25.75, 21.25, 22.75, 27.25, 26.75, 25.75, 27.00, 25.50, 24.25, 22.25, 26.25, 28.50, 28.75, 22.75, 25.25, 24.00, 22.50, 21.25, 28.00, 28.00, 27.50, 23.50, 23.00, 21.25, 19.50, 20.50, 28.00, 25.75, 25.75, 20.75, 19.75, 20.00, 19.75, 19.00, 20.75, 19.75, 19.25, 19.00, 19.50, 20.25, 19.75, 19.00, 19.00, 18.75, 18.25, 19.00, 18.50, 18.50, 19.25, 19.25, 19.25, 19.25, 18.50, 18.25, 17.75, 19.00, 19.25, 9
844, 0.00, 65.60, 0.00, 23.40, -23, 30, -3, 565, 1, 140, 141, 171, -0.15, -0.26, 0.83, 22.25, 23.25, 27.25, 27.50, 28.75, 28.50, 26.50, 25.75, 20.50, 22.75, 27.00, 26.75, 26.25, 26.50, 25.25, 23.75, 21.75, 26.25, 28.50, 28.25, 22.25, 25.50, 23.25, 21.75, 21.50, 28.25, 28.25, 27.50, 23.50, 22.75, 21.50, 19.50, 21.00, 28.25, 26.00, 25.00, 20.50, 20.25, 20.00, 19.50, 19.00, 20.50, 19.25, 18.75, 19.00, 18.75, 20.25, 19.50, 19.50, 19.00, 18.25, 18.50, 18.50, 18.75, 18.25, 18.75, 19.50, 19.25, 18.75, 18.75, 18.25, 18.75, 18.75, 19.00, 9
844, 0.00, 65.60, 0.00, 23.40, -8, 22, 5, 570, 1, 139, 140, 171, -0.14, -0.24, 0.85, 21.75, 23.25, 27.50, 27.25, 28.50, 29.00, 26.50, 26.50, 21.00, 23.25, 26.75, 26.75, 25.75, 26.50, 25.50, 24.50, 21.00, 26.50, 28.75, 28.25, 21.75, 25.50, 23.50, 21.75, 21.25, 28.50, 27.75, 27.25, 23.50, 22.50, 21.00, 20.00, 20.50, 28.00, 25.25, 25.00, 20.25, 19.50, 19.50, 20.00, 18.50, 20.50, 19.50, 18.75, 18.25, 19.25, 19.50, 19.00, 19.25, 19.00, 17.50, 18.50, 18.75, 18.75, 18.25, 18.75, 19.00, 19.00, 18.25, 18.50, 18.50, 18.00, 18.75, 18.75, 9
844, -0.60, 65.00, 0.00, 23.40, 27, 49, 0, 570, 1, 139, 140, 170, -0.16, -0.27, 0.84, 21.50, 23.50, 27.50, 27.00, 28.75, 28.25, 27.00, 25.75, 21.25, 22.75, 27.50, 27.00, 25.00, 27.00, 24.75, 24.25, 21.75, 26.25, 28.50, 28.75, 22.50, 24.75, 23.75, 22.50, 20.50, 28.75, 27.75, 27.50, 23.75, 22.75, 20.75, 19.50, 20.50, 27.75, 24.25, 24.50, 20.00, 20.00, 20.00, 19.50, 17.75, 20.00, 19.00, 18.50, 18.50, 19.00, 19.75, 19.50, 20.00, 18.75, 18.00, 18.00, 18.75, 18.25, 18.50, 19.00, 19.00, 18.75, 18.25, 18.75, 18.25, 18.50, 18.25, 19.00, 9
844, 0.00, 65.00, 0.00, 23.40, -21, 28, 6, 576, 1, 138, 139, 170, -0.17, -0.28, 0.83, 21.50, 23.00, 27.00, 27.00, 28.75, 28.75, 26.75, 26.25, 21.00, 22.75, 27.00, 26.75, 25.25, 26.75, 24.50, 24.00, 21.75, 26.75, 28.50, 28.50, 22.25, 25.00, 24.25, 22.25, 20.75, 29.00, 27.75, 27.25, 23.50, 22.50, 21.25, 20.00, 22.00, 27.75, 24.50, 24.75, 20.25, 20.00, 19.75, 19.75, 19.25, 20.25, 19.00, 18.50, 18.50, 19.00, 20.00, 20.00, 20.25, 19.00, 18.00, 18.50, 18.25, 18.75, 18.25, 19.00, 19.25, 18.75, 18.75, 18.50, 18.25, 17.75, 18.75, 19.25, 9
844, 0.00, 65.00, 0.00, 23.40, 6, 34, 16, 592, 1, 137, 138, 170, -0.17, -0.29, 0.83, 21.00, 22.50, 26.50, 27.00, 28.50, 28.50, 26.50, 25.75, 20.50, 22.00, 27.00, 26.75, 25.50, 27.00, 24.75, 23.75, 21.00, 26.00, 28.25, 28.50, 22.50, 24.00, 24.25, 21.75, 21.00, 28.50, 27.50, 27.50, 24.00, 22.25, 21.50, 19.50, 21.50, 28.00, 24.75, 25.00, 19.75, 20.25, 19.50, 19.50, 19.50, 20.00, 18.50, 18.25, 18.75, 18.50, 19.75, 19.50, 19.50, 18.00, 18.25, 18.00, 18.25, 18.25, 18.25, 18.75, 19.50, 18.75, 18.25, 17.75, 18.50, 18.50, 19.00, 19.50, 9
844, -0.40, 64.60, 0.10, 23.50, 147, 181, 5, 597, 1, 137, 138, 170, -0.17, -0.30, 0.82, 21.50, 23.00, 27.25, 27.25, 28.50, 28.50, 26.25, 25.75, 21.00, 23.00, 27.50, 26.75, 25.50, 27.00, 24.75, 24.25, 21.75, 27.50, 28.50, 28.25, 22.00, 24.75, 24.75, 22.00, 21.50, 28.75, 28.00, 27.25, 23.50, 22.50, 21.25, 20.50, 22.75, 28.00, 25.00, 24.75, 20.25, 20.00, 19.75, 19.50, 20.00, 20.25, 19.50, 18.50, 18.50, 19.00, 19.75, 19.75, 19.25, 19.00, 18.00, 18.00, 18.75, 18.75, 18.25, 19.25, 19.50, 19.75, 18.25, 18.50, 18.25, 18.25, 19.50, 19.25, 9
844, 0.00, 64.60, 0.00, 23.50, -144, 37, 4, 601, 1, 138, 139, 171, -0.17, -0.30, 0.81, 21.75, 23.25, 27.25, 27.25, 28.50, 29.25, 27.00, 26.00, 20.75, 23.50, 27.25, 26.75, 25.25, 27.00, 24.50, 24.25, 21.75, 28.00, 28.50, 29.25, 22.00, 24.75, 24.25, 22.25, 21.75, 29.25, 27.25, 27.25, 23.50, 22.75, 21.50, 20.25, 23.25, 28.25, 24.75, 24.00, 19.50, 20.00, 19.75, 19.50, 19.75, 19.75, 19.25, 18.75, 19.00, 19.00, 19.50, 20.00, 19.25, 18.50, 18.00, 18.25, 18.50, 18.50, 18.25, 19.00, 19.25, 19.25, 18.50, 18.50, 18.25, 19.00, 19.50, 19.00, 9
844, 0.00, 64.60, 0.00, 23.50, -8, 29, 2, 603, 1, 138, 139, 171, -0.16, -0.31, 0.80, 21.50, 23.50, 27.25, 27.50, 28.75, 28.25, 27.00, 26.00, 21.00, 23.75, 27.25, 26.75, 25.25, 27.00, 24.00, 23.75, 22.25, 28.75, 28.25, 28.75, 22.00, 24.75, 23.75, 22.25, 22.25, 29.00, 27.25, 26.75, 23.75, 22.50, 21.25, 19.75, 23.25, 27.50, 24.00, 23.50, 20.00, 19.50, 19.75, 19.75, 19.50, 19.50, 19.00, 18.75, 19.00, 19.25, 19.75, 19.50, 19.50, 18.75, 18.25, 18.00, 18.25, 18.50, 18.50, 18.75, 19.50, 19.00, 18.50, 19.25, 18.25, 18.50, 19.25, 19.50, 9
844, -1.10, 63.50, 0.00, 23.50, 3, 32, 0, 603, 1, 139, 139, 171, -0.17, -0.31, 0.81, 22.25, 23.00, 27.00, 27.25, 29.00, 28.75, 26.75, 26.00, 21.75, 23.75, 27.50, 26.75, 25.00, 26.75, 24.25, 23.75, 22.75, 28.75, 28.25, 28.50, 21.75, 25.50, 23.75, 22.25, 22.50, 29.25, 27.25, 26.50, 23.50, 22.75, 20.50, 19.25, 24.50, 27.50, 24.00, 22.75, 19.75, 19.75, 20.00, 19.75, 19.25, 19.75, 18.75, 19.00, 18.25, 19.00, 20.00, 20.00, 20.00, 18.50, 17.75, 18.50, 18.50, 18.50, 18.25, 19.50, 19.75, 18.50, 19.25, 19.00, 18.25, 18.25, 18.75, 19.50, 9
844, 0.00, 63.50, 0.00, 23.50, 6, 38, -5, 598, 1, 139, 139, 170, -0.16, -0.31, 0.80, 21.75, 23.25, 27.50, 27.50, 28.75, 29.00, 26.75, 26.00, 21.00, 24.25, 27.75, 26.50, 25.25, 27.25, 24.00, 23.75, 22.75, 28.25, 28.25, 28.75, 21.50, 25.25, 23.75, 22.25, 23.25, 29.75, 27.25, 26.75, 23.50, 22.75, 21.75, 20.00, 24.00, 27.00, 24.50, 23.25, 20.00, 20.00, 20.25, 20.00, 19.25, 19.75, 19.00, 18.75, 18.50, 19.00, 20.25, 20.00, 19.75, 18.75, 18.00, 18.00, 18.75, 19.00, 18.75, 19.00, 19.75, 19.00, 18.75, 18.75, 18.25, 18.75, 18.75, 19.50, 9
844, 0.00, 63.50, 0.00, 23.50, -8, 30, -3, 595, 1, 138, 139, 170, -0.16, -0.30, 0.81, 21.75, 23.50, 27.25, 27.25, 28.75, 28.75, 27.00, 25.75, 21.25, 23.25, 27.00, 26.50, 25.50, 26.75, 23.75, 24.00, 22.50, 28.50, 28.50, 29.00, 21.50, 25.75, 24.00, 22.00, 22.25, 29.50, 27.75, 27.25, 23.75, 23.00, 21.00, 20.00, 24.00, 27.50, 24.50, 23.25, 20.00, 19.50, 20.00, 20.00, 18.50, 20.00, 19.00, 18.75, 18.75, 19.00, 20.00, 19.75, 19.50, 18.00, 18.00, 18.00, 19.00, 19.00, 18.25, 18.75, 19.50, 19.25, 18.00, 18.25, 18.00, 18.50, 19.00, 19.75, 9
844, -0.90, 62.60, 0.00, 23.50, 110, 140, 0, 595, 1, 138, 139, 171, -0.15, -0.29, 0.81, 22.00, 23.50, 27.25, 28.25, 28.75, 28.75, 27.25, 26.50, 22.00, 24.25, 27.75, 26.75, 25.25, 26.75, 24.75, 24.25, 22.50, 28.75, 28.25, 28.75, 21.50, 25.50, 23.75, 22.75, 22.75, 29.75, 27.25, 26.75, 23.50, 23.00, 21.25, 20.00, 24.25, 27.25, 23.75, 23.25, 20.00, 20.25, 20.25, 20.75, 19.75, 19.75, 19.25, 18.50, 19.00, 19.25, 20.00, 20.00, 20.00, 19.00, 18.00, 18.50, 19.25, 19.00, 19.00, 19.50, 19.50, 19.50, 19.25, 18.25, 18.50, 19.00, 19.50, 20.00, 9
844, 0.00, 62.60, 0.00, 23.50, -70, 70, -4, 591, 1, 138, 139, 171, -0.15, -0.30, 0.82, 21.75, 23.25, 27.25, 27.75, 29.00, 29.00, 27.25, 26.00, 21.25, 24.25, 27.25, 27.00, 25.50, 27.00, 24.25, 24.25, 22.75, 29.00, 28.25, 28.75, 22.00, 25.50, 23.75, 22.25, 22.75, 29.75, 27.50, 26.75, 23.50, 22.75, 21.25, 20.25, 23.75, 27.25, 24.00, 23.00, 20.25, 19.75, 19.75, 20.25, 20.00, 19.25, 19.00, 18.50, 19.00, 19.00, 19.75, 20.00, 19.25, 18.50, 17.75, 18.25, 19.00, 18.75, 18.50, 18.75, 19.00, 19.00, 19.00, 18.75, 18.25, 18.25, 19.00, 20.00, 9
844, 0.00, 62.60, 0.00, 23.50, -41, 29, -3, 588, 1, 138, 140, 171, -0.16, -0.29, 0.82, 22.00, 23.75, 27.50, 27.25, 29.00, 28.25, 26.50, 25.50, 21.25, 24.00, 27.50, 26.50, 24.75, 26.50, 24.25, 23.75, 22.50, 28.75, 28.00, 28.75, 22.00, 25.25, 24.25, 22.25, 22.75, 29.50, 27.25, 26.75, 23.50, 22.75, 21.00, 19.75, 24.00, 27.50, 24.25, 23.00, 20.00, 20.00, 20.50, 20.00, 18.75, 19.25, 19.00, 18.50, 18.75, 19.00, 20.00, 20.00, 19.75, 18.50, 18.25, 18.50, 18.25, 19.00, 19.00, 19.00, 19.75, 19.25, 18.75, 19.25, 18.50, 18.25, 19.75, 19.75, 9
844, -0.90, 61.70, 0.00, 23.50, 1, 30, -11, 577, 1, 138, 139, 170, -0.18, -0.27, 0.85, 21.75, 23.00, 27.50, 27.75, 29.00, 28.75, 27.00, 26.25, 21.50, 23.75, 27.50, 27.00, 25.00, 27.00, 23.75, 23.75, 22.25, 28.50, 28.50, 28.75, 21.75, 25.25, 24.00, 22.00, 22.75, 29.25, 27.50, 26.75, 23.50, 22.50, 21.00, 19.75, 23.00, 26.75, 23.25, 23.00, 19.75, 20.00, 20.00, 19.75, 17.50, 20.00, 19.00, 18.50, 18.75, 19.25, 19.75, 20.00, 18.75, 19.00, 18.50, 18.00, 18.75, 19.00, 18.50, 19.00, 19.25, 19.25, 19.75, 18.75, 18.50, 18.25, 19.50, 19.50, 9
844, 0.00, 61.70, 0.00, 23.50, -2, 28, 6, 583, 1, 138, 140, 171, -0.19, -0.26, 0.83, 21.75, 23.00, 27.50, 27.50, 28.50, 28.75, 27.00, 26.00, 21.25, 23.50, 27.50, 27.00, 24.75, 27.25, 23.00, 24.25, 22.50, 28.25, 28.25, 29.00, 22.75, 24.75, 24.25, 22.00, 21.50, 29.25, 27.75, 26.75, 24.00, 22.75, 21.00, 20.00, 22.00, 26.25, 23.00, 23.00, 19.75, 19.75, 20.00, 20.00, 17.25, 19.75, 18.75, 18.75, 18.75, 19.00, 20.00, 20.00, 18.50, 19.25, 17.75, 18.00, 18.50, 18.75, 18.50, 18.75, 19.50, 18.75, 18.50, 18.25, 18.50, 18.75, 19.00, 19.50, 9
844, 0.00, 61.70, 0.00, 23.50, -1, 27, 5, 588, 1, 138, 139, 171, -0.20, -0.25, 0.83, 21.50, 22.50, 27.50, 27.25, 28.50, 29.00, 27.00, 25.75, 21.25, 23.00, 27.00, 26.50, 24.50, 26.75, 23.00, 23.75, 22.00, 27.50, 28.50, 29.00, 23.00, 23.50, 24.00, 22.25, 20.75, 29.00, 27.50, 26.50, 23.75, 22.50, 20.75, 20.00, 21.25, 25.75, 22.25, 22.75, 19.50, 19.75, 20.25, 19.50, 16.50, 19.25, 19.00, 17.50, 18.75, 18.75, 19.50, 19.50, 17.50, 18.75, 17.75, 17.75, 18.50, 18.50, 18.25, 18.75, 18.75, 18.75, 18.25, 18.25, 18.25, 18.25, 19.25, 18.75, 9
844, -0.90, 60.80, 0.00, 23.50, 14, 41, 2, 590, 1, 139, 139, 170, -0.21, -0.24, 0.81, 22.00, 23.00, 27.25, 27.75, 28.75, 28.75, 27.50, 26.00, 21.25, 23.25, 27.50, 26.75, 25.00, 26.75, 23.50, 23.50, 22.00, 28.75, 28.00, 29.00, 22.75, 23.50, 24.25, 22.00, 21.50, 29.25, 27.50, 26.75, 23.25, 22.00, 21.25, 20.00, 21.75, 26.00, 22.50, 23.00, 19.75, 20.25, 20.25, 19.50, 17.00, 19.50, 18.75, 17.75, 18.50, 18.50, 19.50, 20.25, 18.25, 18.50, 18.50, 18.25, 18.75, 18.75, 18.25, 19.25, 19.25, 19.25, 18.50, 18.75, 18.50, 18.50, 19.50, 19.25, 9
844, 0.00, 60.80, 0.00, 23.50, 1, 42, -2, 588, 1, 141, 141, 171, -0.21, -0.28, 0.81, 22.00, 22.75, 27.50, 27.75, 29.25, 28.75, 27.75, 26.25, 21.25, 23.75, 27.50, 27.25, 25.25, 27.00, 23.75, 23.75, 22.75, 28.25, 28.50, 29.00, 23.50, 24.50, 24.50, 21.75, 21.50, 29.50, 28.00, 26.75, 23.75, 22.25, 21.50, 20.25, 22.00, 26.00, 22.00, 22.75, 19.50, 20.00, 20.00, 19.75, 18.00, 19.25, 19.50, 18.50, 19.00, 19.00, 20.25, 20.25, 18.25, 19.50, 18.25, 18.75, 18.50, 19.25, 18.25, 19.25, 19.50, 18.75, 19.25, 19.00, 19.25, 19.00, 19.00, 19.50, 9
844, 0.00, 60.80, 0.00, 23.50, -10, 32, 9, 597, 1, 142, 142, 172, -0.25, -0.34, 0.78, 22.00, 22.50, 27.50, 27.50, 29.25, 28.75, 27.75, 26.25, 21.75, 23.50, 28.25, 27.25, 25.25, 27.25, 24.00, 24.25, 22.50, 27.75, 29.25, 29.25, 24.25, 24.00, 24.75, 22.50, 20.00, 29.25, 28.25, 27.25, 24.25, 22.75, 21.50, 20.25, 22.50, 26.25, 22.50, 23.75, 19.50, 20.00, 19.75, 20.00, 18.00, 19.75, 19.50, 18.50, 18.75, 19.00, 20.25, 20.25, 19.00, 19.00, 19.00, 18.75, 19.00, 19.00, 18.75, 19.25, 19.50, 19.50, 19.25, 19.75, 19.00, 18.50, 19.50, 20.00, 9
844, -0.70, 60.10, 0.10, 23.60, 6, 38, 1, 598, 1, 142, 142, 172, -0.23, -0.37, 0.77, 22.75, 23.50, 28.00, 28.25, 29.00, 28.75, 27.25, 26.75, 22.00, 25.00, 28.00, 27.25, 24.00, 27.50, 24.25, 24.25, 22.75, 29.75, 28.25, 28.75, 23.50, 24.25, 24.25, 22.25, 23.50, 29.50, 27.25, 26.00, 22.00, 21.50, 21.00, 19.75, 21.75, 22.00, 21.00, 19.75, 19.50, 20.00, 20.25, 20.00, 18.00, 19.50, 19.25, 18.25, 18.75, 18.75, 21.00, 20.50, 19.50, 20.00, 19.00, 18.75, 19.00, 19.00, 18.50, 19.25, 19.50, 20.00, 19.00, 20.00, 18.75, 19.00, 19.50, 20.25, 9
844, 0.00, 60.10, 0.00, 23.60, 6, 44, 24, 622, 1, 142, 142, 173, -0.27, -0.34, 0.78, 22.75, 23.25, 27.50, 28.25, 28.75, 28.50, 26.75, 25.75, 22.00, 25.75, 27.75, 26.75, 24.00, 27.25, 23.25, 24.50, 23.50, 29.50, 28.00, 28.75, 22.75, 24.50, 23.75, 22.00, 24.75, 29.50, 27.00, 25.25, 22.00, 21.25, 20.75, 20.00, 22.25, 22.00, 21.25, 20.25, 19.50, 20.00, 20.00, 20.00, 18.25, 19.75, 18.75, 18.25, 18.25, 19.50, 20.25, 20.75, 19.25, 19.75, 18.75, 18.75, 19.25, 18.75, 18.75, 19.25, 19.00, 19.75, 19.00, 19.50, 18.75, 19.00, 19.50, 20.25, 9
844, 0.00, 60.10, 0.00, 23.60, -11, 33, 0, 622, 1, 142, 142, 172, -0.25, -0.35, 0.77, 22.25, 23.00, 27.75, 28.00, 29.00, 28.25, 27.00, 26.25, 21.50, 24.75, 27.50, 26.75, 24.25, 27.25, 23.75, 23.75, 23.25, 29.50, 28.00, 29.25, 22.00, 24.75, 23.25, 21.75, 22.75, 30.00, 27.50, 26.25, 22.75, 21.25, 20.50, 20.00, 22.50, 25.25, 22.00, 21.25, 19.50, 20.25, 19.50, 19.75, 18.25, 19.50, 18.75, 18.00, 18.50, 19.25, 20.00, 19.50, 19.00, 19.25, 18.75, 18.50, 19.00, 18.25, 18.50, 19.75, 19.75, 19.25, 19.25, 19.25, 18.75, 18.50, 19.50, 19.25, 9
844, -0.50, 59.60, 0.00, 23.60, -8, 25, -16, 606, 1, 140, 140, 172, -0.21, -0.35, 0.79, 21.25, 23.00, 26.25, 27.25, 29.50, 28.75, 26.75, 27.00, 20.75, 21.00, 23.50, 27.50, 27.00, 25.00, 27.75, 26.25, 20.75, 20.50, 22.00, 28.75, 28.25, 24.25, 24.75, 23.50, 19.50, 21.00, 23.00, 29.25, 27.50, 25.50, 23.25, 21.50, 22.00, 22.50, 22.50, 29.50, 26.50, 24.25, 21.50, 20.25, 19.75, 22.75, 22.75, 27.25, 21.75, 20.00, 20.25, 20.25, 20.00, 20.25, 19.75, 20.00, 19.25, 19.25, 19.00, 20.00, 20.50, 20.25, 19.75, 19.50, 19.25, 18.75, 19.75, 20.25, 9
844, 0.00, 59.60, 0.00, 23.60, 4, 29, -8, 598, 1, 140, 141, 170, -0.23, -0.35, 0.82, 21.00, 22.50, 26.25, 27.25, 29.00, 29.25, 27.50, 26.75, 20.75, 21.25, 23.50, 27.50, 28.00, 25.50, 27.75, 26.25, 20.50, 20.25, 22.25, 29.00, 27.50, 24.00, 25.25, 23.50, 19.25, 20.75, 22.75, 29.50, 27.50, 26.25, 23.25, 21.25, 21.75, 22.50, 22.75, 29.75, 26.75, 24.00, 21.25, 20.75, 20.50, 22.50, 22.50, 27.50, 22.00, 20.25, 20.50, 20.75, 20.00, 20.00, 19.25, 19.75, 20.00, 19.75, 18.75, 19.75, 19.25, 20.00, 20.00, 19.75, 19.25, 18.50, 19.50, 19.75, 9
844, 0.00, 59.60, 0.00, 23.60, -2, 27, 4, 602, 1, 140, 140, 171, -0.23, -0.36, 0.78, 21.00, 22.00, 26.25, 27.25, 29.00, 29.00, 27.50, 26.50, 20.00, 20.75, 24.00, 27.25, 28.00, 26.75, 28.00, 25.75, 20.75, 20.25, 21.25, 28.75, 27.75, 24.50, 25.00, 24.50, 19.75, 20.50, 22.25, 29.25, 27.75, 26.50, 23.50, 22.00, 19.75, 22.25, 22.00, 29.50, 27.50, 24.75, 21.50, 20.25, 20.00, 22.75, 22.00, 28.50, 23.00, 21.25, 20.75, 20.50, 19.75, 20.75, 19.75, 20.50, 20.25, 19.25, 19.25, 19.25, 19.75, 19.25, 19.50, 19.25, 19.00, 19.25, 19.50, 19.75, 9
844, 0.40, 60.00, 0.00, 23.60, 2, 29, 4, 606, 0, 140, 140, 172, -0.22, -0.35, 0.78, 21.00, 21.75, 26.00, 27.25, 29.25, 29.25, 27.25, 26.75, 20.25, 20.75, 24.25, 27.50, 28.00, 26.75, 28.00, 25.75, 20.75, 19.50, 21.25, 28.50, 27.50, 24.50, 25.25, 24.25, 20.25, 21.00, 21.50, 29.25, 28.00, 26.75, 23.00, 22.75, 19.25, 22.50, 21.50, 29.50, 27.25, 24.75, 21.50, 21.00, 19.50, 23.00, 22.00, 28.50, 23.75, 21.00, 20.75, 20.75, 19.75, 20.50, 20.00, 20.25, 20.25, 19.75, 18.75, 19.50, 19.25, 19.25, 19.50, 19.50, 19.00, 18.75, 20.00, 19.75, 9
844, 0.00, 60.00, 0.00, 23.60, -4, 25, 0, 606, 0, 140, 141, 171, -0.22, -0.35, 0.77, 20.75, 22.25, 26.25, 27.50, 29.25, 29.25, 27.00, 26.50, 20.50, 20.75, 23.50, 27.50, 27.75, 26.25, 28.00, 26.25, 20.50, 20.25, 21.25, 28.50, 27.50, 24.25, 25.25, 24.00, 19.25, 21.00, 21.75, 29.50, 27.75, 26.75, 22.75, 21.50, 20.25, 22.25, 21.75, 29.50, 27.00, 24.50, 21.50, 20.75, 19.75, 23.00, 21.75, 28.25, 23.00, 20.50, 20.50, 20.25, 20.00, 20.25, 19.25, 20.25, 20.25, 19.25, 18.50, 18.75, 20.25, 19.50, 19.75, 19.25, 19.00, 19.00, 19.25, 20.00, 9
844, 0.00, 60.00, 0.00, 23.60, 4, 29, 2, 608, 0, 140, 141, 170, -0.23, -0.32, 0.79, 21.00, 22.25, 26.25, 27.25, 29.25, 29.00, 27.00, 26.50, 20.50, 21.25, 24.00, 27.75, 27.75, 26.00, 27.75, 25.75, 20.50, 20.50, 21.75, 28.50, 27.50, 23.75, 25.50, 23.75, 19.00, 20.75, 22.50, 29.00, 27.50, 25.75, 22.75, 22.00, 20.50, 22.25, 22.75, 29.75, 26.50, 24.25, 21.50, 20.25, 20.75, 22.75, 23.00, 28.25, 22.50, 20.50, 20.50, 20.50, 20.00, 20.25, 19.25, 20.25, 19.75, 19.50, 19.00, 19.25, 19.25, 19.75, 19.25, 19.75, 19.25, 19.25, 19.50, 20.00, 9
844, 2.40, 62.40, 0.00, 23.60, 8, 37, 5, 613, 0, 140, 140, 171, -0.25, -0.31, 0.82, 20.75, 22.75, 26.00, 27.75, 29.50, 29.25, 26.75, 26.75, 20.00, 21.00, 23.50, 27.25, 27.25, 26.50, 27.50, 25.75, 20.50, 20.25, 21.50, 28.50, 27.25, 23.75, 25.25, 23.50, 18.75, 20.50, 22.50, 29.75, 27.50, 26.00, 22.75, 22.00, 21.00, 22.25, 22.00, 29.50, 27.25, 25.00, 21.75, 20.50, 21.25, 22.75, 22.75, 28.50, 22.25, 20.75, 21.00, 20.25, 19.75, 20.00, 20.00, 20.00, 20.00, 19.50, 18.50, 19.50, 20.25, 19.50, 19.50, 19.50, 19.50, 18.50, 19.25, 19.50, 9
844, 0.00, 62.40, 0.00, 23.60, 115, 152, 0, 613, 0, 140, 141, 170, -0.24, -0.31, 0.78, 21.00, 22.25, 26.75, 27.75, 29.00, 29.25, 27.00, 27.00, 20.50, 20.75, 24.25, 27.50, 27.75, 26.00, 27.75, 25.50, 20.00, 20.25, 21.75, 28.50, 27.50, 23.75, 25.50, 23.75, 19.00, 21.00, 23.25, 29.00, 27.75, 25.50, 23.00, 22.00, 22.25, 22.25, 23.50, 29.75, 26.50, 24.25, 21.50, 20.75, 21.75, 22.75, 23.25, 28.25, 22.00, 20.50, 20.25, 20.50, 19.75, 20.25, 19.75, 20.00, 19.50, 19.00, 18.75, 19.50, 19.50, 19.25, 19.50, 19.25, 19.25, 19.00, 19.25, 19.50, 9
844, 0.00, 62.40, 0.00, 23.60, -103, 49, 4, 617, 0, 140, 140, 171, -0.25, -0.31, 0.78, 20.75, 22.50, 26.25, 27.00, 29.25, 29.00, 27.75, 26.75, 20.75, 21.25, 24.25, 27.25, 28.00, 26.00, 27.75, 25.75, 20.25, 20.25, 22.00, 28.50, 27.50, 23.50, 25.25, 23.50, 19.00, 20.75, 23.50, 29.25, 27.50, 25.50, 22.75, 21.75, 22.25, 21.75, 23.75, 29.50, 26.75, 24.25, 21.00, 20.25, 21.75, 22.75, 24.00, 28.00, 21.75, 20.00, 20.25, 20.00, 20.25, 20.50, 19.25, 19.75, 19.50, 19.50, 18.50, 19.00, 20.00, 19.50, 19.75, 19.50, 18.75, 18.50, 19.25, 19.75, 9
844, 0.90, 63.30, 0.00, 23.60, -22, 27, -3, 614, 0, 139, 140, 171, -0.11, -0.28, 0.79, 21.00, 23.00, 26.75, 27.25, 28.75, 29.25, 27.00, 27.00, 21.00, 21.50, 25.00, 27.25, 27.50, 26.75, 27.50, 25.50, 20.25, 20.25, 23.00, 28.75, 27.75, 23.50, 26.50, 23.50, 20.00, 21.25, 24.50, 29.75, 28.00, 24.75, 23.00, 22.25, 22.50, 21.25, 24.75, 29.50, 26.75, 24.75, 21.75, 20.50, 22.75, 22.00, 24.00, 28.75, 23.00, 21.00, 21.00, 20.75, 21.50, 20.00, 20.25, 21.00, 20.00, 19.75, 19.25, 20.00, 20.25, 19.75, 19.25, 19.50, 19.25, 18.50, 19.00, 19.75, 9
844, 0.00, 63.30, 0.00, 23.60, 2, 29, -46, 568, 0, 136, 137, 170, 0.39, -0.15, 0.78, 20.75, 23.00, 26.50, 26.75, 28.75, 29.25, 29.00, 26.75, 20.50, 21.75, 26.00, 27.50, 27.75, 27.50, 27.75, 26.00, 19.75, 20.50, 25.00, 28.50, 27.00, 25.75, 26.25, 23.50, 19.50, 20.75, 24.75, 29.50, 28.75, 24.50, 23.00, 22.75, 21.25, 20.25, 22.75, 29.75, 27.75, 25.50, 22.25, 21.00, 22.00, 20.00, 21.00, 28.75, 26.00, 22.00, 20.75, 21.00, 22.00, 20.75, 20.25, 23.50, 20.50, 19.50, 19.25, 20.25, 20.00, 18.75, 19.25, 19.75, 19.25, 19.50, 20.00, 20.75, 9
844, 0.00, 63.30, 0.00, 23.60, -2, 27, -87, 481, 0, 135, 137, 168, 0.90, -0.02, 0.38, 26.75, 25.50, 26.25, 27.75, 29.00, 28.00, 26.00, 24.75, 28.50, 28.00, 26.75, 26.25, 27.00, 24.25, 26.75, 24.50, 23.25, 29.00, 28.75, 28.00, 24.50, 22.00, 23.50, 22.50, 21.50, 26.25, 29.50, 29.25, 23.75, 22.75, 22.50, 23.50, 21.50, 23.25, 29.50, 29.25, 25.25, 22.00, 20.75, 21.00, 20.50, 21.25, 27.25, 28.25, 21.00, 20.50, 20.75, 19.75, 22.75, 21.00, 21.25, 22.50, 20.25, 19.50, 19.50, 20.25, 20.00, 19.00, 19.75, 20.75, 19.75, 20.00, 20.50, 20.25, 9
1020, 0.80, 64.10, 0.10, 23.70, 6, 33, 5, 486, 1, 138, 139, 171, 0.96, 0.16, 0.12, 27.50, 25.75, 26.25, 27.50, 27.25, 26.75, 24.00, 21.75, 27.50, 26.75, 25.75, 22.00, 23.00, 24.50, 24.25, 22.75, 28.25, 29.00, 26.50, 21.75, 20.75, 22.50, 22.75, 21.25, 25.50, 29.25, 28.75, 23.25, 22.00, 22.50, 20.75, 19.75, 22.75, 28.50, 28.75, 25.75, 21.50, 20.50, 20.00, 20.25, 21.00, 24.00, 28.50, 23.75, 19.50, 20.50, 21.00, 20.50, 21.75, 20.25, 21.25, 20.00, 20.25, 20.00, 19.25, 20.00, 20.50, 19.75, 20.25, 20.25, 19.75, 19.50, 20.50, 20.50, 9
1020, 0.00, 64.10, 0.00, 23.70, 80, 113, 54, 540, 1, 145, 146, 176, 1.05, -0.03, -0.13, 26.75, 26.50, 25.75, 23.25, 21.50, 21.50, 21.25, 21.75, 28.25, 26.25, 26.25, 26.00, 25.25, 21.75, 21.25, 20.25, 25.25, 22.00, 25.25, 25.25, 23.50, 21.75, 21.50, 20.50, 23.25, 22.00, 22.25, 24.50, 23.75, 21.25, 20.25, 19.75, 25.50, 21.75, 22.50, 23.00, 21.00, 20.00, 20.50, 20.25, 28.25, 24.50, 22.50, 20.50, 20.25, 19.75, 20.25, 20.25, 28.00, 22.00, 20.00, 20.00, 20.00, 20.50, 20.00, 20.75, 21.50, 20.25, 19.50, 20.25, 20.00, 20.00, 20.25, 21.75, 9
1020, 0.00, 64.10, 0.00, 23.70, -85, 28, 37, 577, 1, 217, 218, 228, 1.02, -0.04, -0.17, 25.25, 25.75, 25.00, 21.00, 20.75, 21.25, 21.25, 21.25, 26.00, 26.00, 25.75, 24.00, 22.00, 21.50, 21.00, 20.50, 23.25, 23.50, 27.75, 26.00, 23.50, 21.25, 21.25, 21.25, 21.00, 21.75, 23.50, 26.50, 23.75, 21.00, 21.25, 20.50, 20.25, 20.75, 20.25, 21.75, 21.75, 21.00, 21.25, 20.50, 19.75, 19.50, 20.25, 19.75, 21.25, 22.00, 21.25, 20.25, 20.50, 20.50, 20.75, 21.50, 22.25, 21.25, 20.50, 20.25, 20.50, 21.00, 22.25, 22.75, 21.50, 20.75, 20.75, 22.25, 9
1020, 0.60, 64.70, 0.00, 23.70, -19, 9, -10, 567, 1, 218, 217, 228, 1.04, -0.04, -0.16, 25.25, 25.75, 23.50, 21.25, 20.75, 21.00, 20.75, 21.50, 25.75, 25.50, 26.75, 24.25, 21.75, 20.75, 20.75, 21.00, 21.75, 24.75, 27.00, 25.25, 23.50, 21.00, 21.50, 21.75, 20.50, 21.25, 23.75, 27.25, 23.75, 21.00, 21.75, 20.75, 20.25, 21.00, 20.75, 21.75, 21.50, 21.25, 21.50, 20.75, 19.75, 20.25, 20.00, 20.25, 21.25, 22.25, 21.25, 20.50, 20.75, 20.00, 20.25, 21.75, 22.50, 21.00, 20.25, 20.75, 20.50, 21.25, 22.00, 23.25, 22.25, 20.50, 21.00, 22.00, 9
1020, 0.00, 64.70, 0.00, 23.70, 37, 46, 37, 604, 1, 217, 217, 227, 1.04, -0.04, -0.17, 26.25, 25.75, 22.50, 21.25, 21.00, 20.75, 21.25, 21.50, 26.50, 27.00, 25.50, 23.50, 22.00, 21.00, 21.25, 20.25, 22.00, 27.50, 27.00, 25.00, 22.00, 21.50, 21.75, 20.75, 20.75, 23.00, 25.75, 27.25, 21.75, 21.00, 21.25, 20.25, 20.75, 21.25, 22.00, 21.75, 21.25, 21.25, 21.00, 21.00, 20.25, 20.25, 20.00, 20.50, 21.00, 22.25, 21.25, 21.00, 20.50, 19.75, 20.25, 21.75, 22.50, 21.50, 20.25, 20.75, 20.50, 21.00, 22.00, 23.00, 22.00, 20.50, 21.00, 22.50, 9
1020, 0.00, 64.70, 0.00, 23.70, -33, 13, -1, 603, 1, 218, 218, 228, 1.02, -0.03, -0.16, 26.75, 26.00, 22.25, 21.00, 20.50, 21.25, 21.25, 21.75, 26.25, 26.75, 25.75, 23.75, 21.75, 21.25, 21.25, 20.75, 22.25, 27.50, 27.00, 25.50, 22.25, 21.25, 21.75, 21.00, 21.00, 23.00, 26.25, 27.00, 22.25, 21.00, 22.00, 21.00, 20.50, 20.75, 22.00, 21.25, 21.75, 21.50, 21.75, 21.50, 20.00, 20.25, 20.50, 20.50, 21.50, 22.00, 21.75, 21.25, 20.75, 20.25, 20.50, 21.50, 23.00, 21.75, 20.25, 21.25, 20.50, 21.25, 22.25, 23.50, 22.00, 20.75, 21.25, 22.00, 9
1020, -1.10, 63.60, 0.00, 23.70, -7, 6, 2, 605, 1, 216, 215, 226, 1.06, -0.04, -0.16, 26.50, 26.00, 22.75, 21.75, 21.00, 21.75, 21.75, 22.25, 26.25, 27.00, 26.00, 23.50, 22.50, 21.75, 21.50, 21.00, 22.75, 28.25, 27.50, 25.75, 23.00, 22.00, 21.50, 21.25, 21.25, 23.25, 26.00, 26.50, 22.50, 21.25, 22.25, 21.00, 20.50, 21.25, 22.25, 21.75, 21.75, 22.00, 21.50, 21.25, 20.25, 20.25, 20.75, 20.75, 21.50, 22.75, 21.50, 21.25, 21.00, 20.00, 21.00, 21.75, 23.25, 21.50, 20.25, 21.00, 21.25, 21.50, 23.00, 23.50, 22.50, 21.00, 21.25, 22.25, 1
1020, 0.00, 63.60, 0.00, 23.70, -3, 3, -1, 604, 1, 216, 216, 226, 1.00, -0.03, -0.16, 26.75, 26.25, 22.25, 21.75, 21.25, 21.50, 21.75, 22.25, 27.50, 27.50, 25.75, 23.25, 22.25, 21.25, 21.50, 21.25, 22.75, 28.50, 28.25, 26.25, 22.50, 21.25, 22.25, 21.50, 21.75, 24.75, 26.25, 26.50, 22.75, 21.25, 22.25, 20.50, 21.25, 21.50, 23.25, 22.75, 21.75, 21.75, 22.00, 21.25, 20.50, 20.50, 21.00, 21.25, 22.25, 22.25, 22.00, 21.00, 21.75, 20.00, 21.25, 21.50, 23.25, 21.75, 21.00, 21.25, 21.50, 21.75, 23.00, 24.00, 22.25, 20.75, 21.25, 22.75, 1
1020, 0.00, 63.60, 0.00, 23.70, -1, 2, 0, 604, 1, 216, 216, 226, 1.05, -0.04, -0.16, 26.75, 26.25, 22.75, 21.75, 21.25, 21.75, 22.00, 22.25, 27.00, 26.75, 25.50, 23.50, 22.25, 21.50, 21.50, 21.25, 23.25, 28.75, 28.25, 26.75, 22.50, 21.75, 22.00, 22.00, 21.25, 25.25, 26.25, 26.75, 23.00, 21.75, 22.25, 20.50, 21.25, 21.50, 24.00, 23.50, 22.00, 22.25, 22.00, 21.50, 20.50, 20.25, 20.75, 20.75, 22.00, 22.75, 22.25, 21.50, 21.00, 20.50, 21.50, 22.50, 22.75, 22.00, 20.75, 21.50, 20.75, 21.25, 23.00, 23.75, 22.75, 21.25, 21.75, 23.25, 1
1020, -0.90, 62.70, 0.00, 23.70, 1, 3, 2, 606, 1, 216, 216, 226, 1.05, -0.04, -0.15, 26.25, 26.00, 22.75, 21.50, 21.25, 21.75, 22.00, 21.75, 27.25, 27.00, 25.00, 23.50, 22.25, 22.00, 21.50, 21.25, 24.00, 29.25, 28.00, 26.50, 22.25, 22.00, 23.00, 21.75, 21.75, 26.75, 26.75, 26.50, 23.25, 22.00, 22.75, 21.25, 21.50, 21.75, 24.25, 23.75, 22.25, 22.25, 22.00, 21.25, 20.75, 21.25, 21.75, 21.50, 22.25, 22.50, 22.25, 21.75, 21.00, 20.50, 21.25, 22.50, 23.50, 22.25, 21.00, 21.50, 21.25, 21.25, 23.25, 24.00, 22.75, 20.75, 21.50, 23.50, 1
1020, 0.00, 62.70, 0.00, 23.70, -1, 2, -4, 602, 1, 216, 216, 226, 1.04, -0.04, -0.16, 26.50, 26.00, 22.75, 21.50, 21.00, 22.00, 21.75, 22.25, 27.50, 27.25, 24.75, 23.50, 22.25, 21.50, 21.75, 21.75, 24.25, 29.25, 28.25, 26.75, 22.25, 21.50, 22.50, 22.00, 22.50, 26.75, 26.50, 26.25, 23.00, 21.50, 22.50, 22.00, 21.50, 21.50, 24.75, 24.00, 22.25, 22.75, 22.25, 21.50, 20.75, 21.25, 21.50, 21.50, 22.00, 22.75, 22.25, 21.75, 21.25, 21.00, 21.50, 22.00, 23.50, 22.00, 20.75, 21.25, 21.75, 21.50, 22.50, 23.75, 22.75, 21.25, 21.50, 22.50, 1
1020, 0.00, 62.70, 0.00, 23.70, 0, 2, 1, 603, 1, 216, 216, 226, 1.04, -0.04, -0.17, 26.50, 26.00, 22.25, 21.75, 21.50, 21.75, 22.00, 21.75, 27.25, 26.75, 24.75, 22.75, 22.00, 21.50, 21.50, 21.00, 24.25, 29.25, 28.25, 27.00, 22.25, 21.75, 22.25, 22.00, 21.75, 26.75, 26.25, 26.50, 23.00, 21.50, 22.50, 21.50, 21.00, 22.25, 25.00, 24.25, 22.25, 22.00, 21.50, 21.75, 20.75, 21.25, 21.50, 21.50, 21.75, 22.25, 21.75, 21.25, 21.25, 20.75, 21.25, 22.25, 23.50, 21.50, 20.75, 21.50, 21.00, 21.50, 22.50, 24.25, 22.25, 21.50, 21.50, 22.75, 1
1020, -1.10, 61.60, 0.00, 23.70, 0, 2, 1, 604, 1, 216, 216, 227, 1.04, -0.04, -0.16, 26.25, 25.50, 22.50, 21.75, 21.25, 21.50, 22.25, 21.50, 27.25, 26.75, 24.25, 22.75, 21.50, 21.25, 21.25, 20.50, 24.25, 29.25, 27.75, 26.50, 22.00, 21.25, 22.00, 21.75, 22.00, 26.75, 26.50, 26.00, 23.00, 21.50, 21.75, 21.00, 21.50, 21.75, 25.00, 24.00, 22.00, 22.00, 21.75, 21.75, 20.50, 20.75, 21.00, 21.25, 21.25, 22.25, 22.00, 21.00, 20.75, 20.50, 20.75, 22.00, 23.25, 21.50, 20.75, 21.75, 21.25, 21.25, 23.00, 24.00, 21.75, 21.00, 21.50, 22.75, 1
1020, 0.00, 61.60, 0.00, 23.70, 0, 2, -1, 603, 1, 216, 216, 226, 1.04, -0.04, -0.16, 25.50, 25.50, 21.75, 21.25, 20.75, 21.50, 21.75, 21.25, 26.75, 27.00, 24.25, 23.00, 22.00, 21.00, 21.50, 20.75, 24.50, 29.00, 27.75, 26.50, 22.50, 21.00, 21.50, 21.50, 21.50, 26.50, 26.25, 25.75, 22.75, 21.00, 21.50, 20.75, 21.00, 21.25, 24.75, 24.50, 22.00, 21.75, 21.50, 21.00, 20.50, 20.75, 21.25, 21.50, 21.50, 21.50, 21.25, 21.25, 21.00, 20.50, 20.50, 21.50, 23.25, 21.50, 20.50, 21.00, 21.25, 21.25, 22.75, 23.25, 22.00, 20.75, 21.50, 21.75, 1
1020, 0.00, 61.60, 0.00, 23.70, 1, 3, -1, 602, 1, 216, 216, 226, 1.07, -0.04, -0.16, 26.00, 25.25, 22.00, 21.50, 21.00, 21.25, 21.50, 21.00, 26.75, 26.75, 24.00, 22.75, 22.00, 21.00, 21.00, 20.25, 23.75, 28.75, 27.50, 26.00, 22.25, 21.00, 21.50, 21.25, 21.25, 26.00, 25.75, 26.00, 23.25, 21.00, 21.50, 20.50, 21.00, 21.00, 24.75, 24.75, 21.75, 21.75, 21.25, 21.50, 20.25, 20.25, 21.00, 20.75, 21.75, 22.00, 21.00, 21.25, 20.50, 20.50, 20.25, 21.75, 23.25, 21.50, 20.25, 20.75, 21.25, 20.50, 22.75, 23.00, 21.75, 21.00, 21.00, 22.25, 1