0.00, 67.30, 0.00, 18.70, 0, 3, 16, 420, 1, 85, 81, 129, 1.03, 0.02, -0.14, 17.81, 18.75, 18.09, 18.25, 17.66, 17.37, 17.50, 17.59, 17.66, 17.53, 17.34, 17.47, 17.34, 17.72, 18.87, 19.09, 1
0.00, 67.30, 0.00, 18.70, 2, 5, -10, 410, 1, 82, 78, 128, 1.03, 0.03, -0.13, 18.66, 19.25, 18.37, 18.25, 17.66, 17.41, 17.50, 17.69, 17.59, 17.69, 17.41, 17.53, 17.62, 19.06, 19.25, 18.62, 1
-0.10, 67.20, 0.00, 18.70, -3, 2, -7, 403, 1, 78, 81, 128, 1.05, 0.04, -0.14, 18.75, 19.84, 18.97, 18.41, 17.84, 17.62, 17.66, 17.81, 17.72, 17.81, 17.53, 17.69, 18.50, 19.72, 19.03, 18.91, 1
0.00, 67.20, 0.00, 18.70, 1, 3, 1, 404, 1, 78, 85, 127, 1.04, 0.03, -0.14, 18.78, 19.62, 19.25, 18.91, 18.06, 17.78, 17.91, 17.81, 17.94, 17.97, 17.72, 17.75, 18.50, 19.41, 19.50, 19.34, 1
0.00, 67.20, 0.00, 18.70, 0, 3, 19, 423, 1, 110, 107, 135, 1.04, 0.02, -0.13, 17.56, 17.72, 18.06, 17.91, 18.66, 19.25, 19.16, 18.87, 17.94, 17.75, 17.72, 17.72, 17.69, 17.91, 19.59, 20.87, 1
0.00, 67.20, 0.00, 18.70, 15, 18, -61, 362, 1, 121, 103, 136, 1.04, 0.02, -0.14, 17.28, 17.53, 17.62, 17.69, 17.66, 17.59, 17.84, 18.75, 17.84, 17.66, 17.56, 17.66, 17.56, 17.53, 18.06, 18.09, 9
-0.10, 67.10, 0.00, 18.70, 11, 29, -2, 360, 1, 122, 97, 141, 1.05, 0.02, -0.14, 17.59, 17.72, 17.94, 17.72, 18.12, 17.62, 17.94, 18.66, 17.94, 17.91, 17.66, 17.87, 17.69, 17.69, 18.00, 18.56, 9
0.00, 67.10, 0.00, 18.70, -7, 22, -5, 355, 1, 116, 97, 145, 1.05, 0.02, -0.14, 17.62, 17.75, 17.97, 17.87, 17.84, 17.87, 17.97, 18.34, 18.03, 17.94, 17.72, 17.78, 17.72, 17.87, 18.00, 18.19, 9
0.00, 67.10, 0.00, 18.70, 31, 53, -6, 349, 1, 107, 103, 146, 1.04, 0.02, -0.13, 17.62, 17.78, 17.87, 17.94, 17.91, 17.75, 17.91, 18.31, 18.00, 17.84, 17.53, 17.91, 17.97, 17.59, 18.06, 18.19, 9
-0.10, 67.00, 0.00, 18.70, -28, 25, -1, 348, 1, 103, 110, 139, 1.04, 0.03, -0.14, 17.75, 17.62, 17.91, 18.09, 18.31, 17.87, 17.97, 18.94, 18.06, 18.00, 17.75, 17.81, 18.03, 17.81, 18.37, 18.62, 9
0.00, 67.00, 0.00, 18.70, -1, 24, 74, 422, 1, 116, 103, 134, 1.04, 0.03, -0.14, 17.94, 17.94, 18.12, 18.12, 18.12, 18.91, 18.87, 18.56, 18.22, 18.25, 18.06, 18.00, 17.94, 17.91, 18.72, 19.50, 9
0.00, 67.00, 0.00, 18.70, -5, 19, -37, 385, 1, 119, 98, 137, 1.04, 0.02, -0.13, 17.78, 18.03, 18.25, 18.62, 19.09, 18.75, 18.09, 18.22, 18.16, 18.25, 17.97, 18.00, 18.00, 18.12, 18.66, 19.69, 9
0.00, 67.00, 0.00, 18.70, 8, 27, 10, 395, 1, 111, 92, 141, 1.04, 0.03, -0.13, 17.91, 18.09, 18.53, 19.41, 19.09, 18.41, 17.97, 18.44, 18.31, 18.19, 18.03, 18.16, 18.12, 18.16, 19.16, 19.72, 9
0.00, 67.00, 0.00, 18.70, -10, 17, -2, 393, 1, 107, 96, 143, 1.04, 0.03, -0.14, 18.06, 18.22, 18.41, 19.28, 19.19, 18.53, 18.09, 18.34, 18.31, 18.25, 18.03, 18.25, 18.00, 18.28, 19.12, 19.87, 9
0.00, 67.00, 0.00, 18.70, 5, 22, -15, 378, 1, 102, 104, 143, 1.04, 0.02, -0.13, 17.87, 18.00, 18.34, 18.44, 19.03, 18.84, 18.25, 18.25, 18.19, 18.25, 18.00, 18.09, 18.06, 18.12, 18.75, 19.56, 9
0.00, 67.00, 0.00, 18.70, -4, 18, 31, 409, 1, 107, 107, 137, 1.04, 0.03, -0.14, 18.06, 18.03, 18.28, 18.34, 18.31, 18.62, 18.56, 18.37, 18.25, 18.28, 18.16, 18.19, 18.03, 18.06, 18.34, 19.28, 9
0.00, 67.00, 0.00, 18.70, 2, 20, -53, 356, 1, 119, 104, 136, 1.04, 0.03, -0.14, 17.59, 17.62, 18.09, 17.97, 18.00, 17.94, 17.87, 18.16, 18.03, 17.97, 17.84, 17.75, 17.66, 17.94, 17.84, 18.22, 9
0.00, 67.00, 0.00, 18.70, -3, 17, 0, 356, 1, 122, 98, 140, 1.04, 0.03, -0.14, 17.37, 17.59, 17.81, 17.91, 17.81, 17.50, 17.75, 18.16, 17.94, 17.81, 17.56, 17.69, 17.59, 17.59, 17.69, 18.03, 9
0.00, 67.00, 0.00, 18.70, 6, 23, -4, 352, 1, 118, 96, 144, 1.04, 0.03, -0.13, 17.69, 17.37, 17.91, 17.91, 17.72, 17.62, 17.62, 17.97, 17.84, 17.66, 17.81, 17.69, 17.59, 17.56, 17.78, 17.87, 9
0.00, 67.00, 0.00, 18.70, -1, 22, -4, 348, 1, 110, 100, 146, 1.04, 0.03, -0.13, 17.53, 17.56, 17.72, 17.62, 17.78, 17.50, 17.31, 17.50, 17.81, 17.78, 17.31, 17.56, 17.47, 17.41, 17.62, 17.56, 9
-0.10, 66.90, 0.00, 18.70, -3, 19, -5, 343, 1, 104, 105, 145, 1.05, 0.02, -0.13, 17.53, 17.41, 17.66, 17.69, 17.81, 17.50, 17.56, 17.56, 17.78, 17.59, 17.53, 17.50, 17.47, 17.41, 17.81, 17.62, 9
0.00, 66.90, 0.00, 18.70, 2, 21, -2, 341, 0, 105, 110, 139, 1.04, 0.02, -0.13, 17.34, 17.62, 17.56, 17.44, 17.47, 17.41, 17.47, 17.47, 17.91, 17.44, 17.34, 17.37, 17.47, 17.28, 17.44, 17.53, 9
0.00, 66.90, 0.00, 18.70, 0, 21, 5, 346, 0, 114, 108, 136, 1.04, 0.03, -0.14, 17.31, 17.16, 17.59, 17.28, 17.41, 17.28, 17.31, 17.31, 17.34, 17.50, 17.19, 17.28, 17.16, 17.25, 17.44, 17.50, 9
-0.10, 66.80, 0.00, 18.70, -1, 20, 7, 353, 0, 122, 101, 138, 1.04, 0.03, -0.13, 17.03, 17.03, 17.25, 17.34, 17.41, 17.25, 17.16, 17.19, 17.59, 17.31, 17.00, 17.00, 17.03, 17.06, 17.22, 17.44, 9
0.00, 66.80, 0.00, 18.70, 3, 23, -3, 350, 0, 118, 97, 144, 1.04, 0.03, -0.13, 17.09, 17.22, 17.31, 17.25, 17.28, 17.16, 17.06, 17.28, 17.62, 17.19, 17.03, 17.25, 17.03, 17.03, 17.25, 17.25, 9
0.00, 66.80, 0.00, 18.70, -2, 21, -7, 343, 0, 108, 102, 146, 1.04, 0.02, -0.12, 17.34, 17.34, 17.34, 17.44, 17.41, 17.19, 17.34, 17.28, 17.56, 17.47, 17.16, 17.28, 17.22, 17.06, 17.53, 17.41, 9
0.00, 66.80, 0.10, 18.80, 7, 28, -4, 339, 0, 104, 109, 139, 1.04, 0.03, -0.13, 17.19, 17.28, 17.47, 17.56, 17.41, 17.31, 17.31, 17.44, 17.50, 17.66, 17.22, 17.50, 17.19, 17.19, 17.37, 17.34, 9
0.10, 66.90, 0.00, 18.80, -3, 25, 5, 344, 0, 112, 109, 137, 1.04, 0.03, -0.14, 17.37, 17.44, 17.78, 17.41, 17.50, 17.41, 17.37, 17.37, 17.66, 17.53, 17.44, 17.50, 17.34, 17.19, 17.53, 17.47, 9
0.00, 66.90, 0.00, 18.80, -6, 19, 5, 349, 0, 122, 103, 136, 1.04, 0.02, -0.13, 17.28, 17.50, 17.75, 17.50, 17.47, 17.47, 17.44, 17.47, 17.75, 17.69, 17.31, 17.41, 17.41, 17.34, 17.44, 17.53, 9
0.00, 66.90, 0.00, 18.80, 2, 21, 2, 351, 0, 122, 97, 142, 1.04, 0.03, -0.13, 17.31, 17.44, 17.69, 17.62, 17.56, 17.44, 17.53, 17.59, 17.91, 17.62, 17.50, 17.53, 17.44, 17.22, 17.56, 17.41, 9
0.00, 66.90, 0.00, 18.80, 3, 24, -4, 347, 0, 116, 98, 145, 1.04, 0.02, -0.13, 17.69, 17.69, 17.97, 17.97, 17.81, 17.78, 17.78, 17.84, 18.06, 17.97, 17.75, 17.66, 17.66, 17.69, 17.91, 17.84, 9
0.00, 66.90, 0.00, 18.80, -4, 20, -6, 341, 0, 107, 102, 146, 1.04, 0.02, -0.13, 17.56, 17.66, 17.91, 17.97, 17.78, 17.69, 17.56, 17.66, 17.91, 17.91, 17.72, 17.62, 17.50, 17.62, 17.78, 17.72, 9
0.00, 66.90, 0.00, 18.80, 3, 23, -3, 338, 0, 105, 110, 139, 1.04, 0.03, -0.13, 17.75, 17.91, 18.03, 17.81, 17.94, 17.97, 17.81, 17.97, 18.03, 18.00, 17.81, 18.00, 17.78, 17.81, 17.94, 17.81, 9
0.00, 66.90, 0.00, 18.80, 8, 31, 6, 344, 0, 115, 106, 136, 1.05, 0.03, -0.13, 17.81, 17.72, 18.22, 18.00, 17.81, 18.00, 17.59, 17.94, 18.12, 17.87, 17.81, 17.84, 18.00, 17.81, 17.72, 17.91, 9
0.00, 66.90, 0.00, 18.80, -12, 19, 6, 350, 0, 122, 100, 138, 1.04, 0.02, -0.13, 17.78, 17.81, 17.97, 18.00, 18.09, 17.84, 17.75, 17.91, 18.00, 18.00, 17.69, 17.91, 17.87, 17.78, 17.87, 18.03, 9
0.00, 66.90, 0.00, 18.80, 4, 23, 0, 350, 0, 122, 99, 139, 1.04, 0.03, -0.13, 17.59, 17.62, 17.91, 18.00, 17.72, 17.66, 17.69, 17.87, 17.91, 17.91, 17.72, 17.78, 17.56, 17.59, 17.75, 17.84, 9
0.00, 66.90, 0.00, 18.80, -2, 21, 0, 350, 0, 122, 98, 141, 1.04, 0.03, -0.14, 17.72, 17.91, 18.06, 18.00, 18.06, 17.75, 17.78, 17.62, 18.12, 18.03, 17.91, 17.81, 17.78, 17.56, 17.97, 17.72, 9
-0.20, 66.70, 0.00, 18.80, 1, 22, -8, 342, 0, 111, 100, 146, 1.04, 0.02, -0.14, 17.66, 17.66, 17.81, 17.81, 17.78, 17.69, 17.59, 17.66, 17.94, 17.91, 17.72, 17.59, 17.53, 17.34, 17.72, 17.91, 9
0.00, 66.70, 0.00, 18.80, 0, 22, -5, 337, 0, 104, 108, 142, 1.04, 0.02, -0.13, 17.53, 17.53, 17.81, 17.84, 17.66, 17.66, 17.47, 17.78, 17.81, 17.91, 17.44, 17.72, 17.41, 17.47, 17.69, 17.84, 9
0.00, 66.70, 0.00, 18.80, 29, 51, 2, 339, 0, 107, 110, 137, 1.04, 0.03, -0.14, 17.56, 17.75, 17.84, 17.81, 17.75, 17.81, 17.59, 17.72, 17.84, 17.75, 17.53, 17.84, 17.66, 17.37, 17.81, 18.03, 9
0.00, 66.70, 0.00, 18.80, -18, 33, 7, 346, 0, 120, 103, 136, 1.04, 0.02, -0.13, 17.47, 17.53, 17.72, 17.75, 17.75, 17.28, 17.62, 17.53, 17.69, 17.62, 17.50, 17.62, 17.47, 17.34, 17.69, 17.72, 9
-0.10, 66.60, 0.00, 18.80, -13, 20, 3, 349, 0, 123, 99, 140, 1.04, 0.03, -0.13, 17.53, 17.16, 17.69, 17.50, 17.69, 17.47, 17.53, 17.56, 17.72, 17.47, 17.37, 17.50, 17.44, 17.41, 17.72, 17.50, 9
0.00, 66.60, 0.00, 18.80, 4, 24, -1, 348, 0, 120, 97, 143, 1.04, 0.02, -0.14, 17.53, 17.56, 18.00, 18.06, 17.72, 17.53, 17.87, 17.84, 17.87, 17.91, 17.59, 17.62, 17.75, 17.53, 18.03, 17.81, 9
0.00, 66.60, 0.00, 18.80, -6, 18, -6, 342, 0, 112, 99, 146, 1.04, 0.03, -0.14, 17.50, 17.72, 17.94, 17.81, 17.87, 17.56, 17.62, 17.81, 17.84, 18.00, 17.59, 17.69, 17.62, 17.41, 17.78, 17.91, 9
0.00, 66.60, 0.00, 18.80, 2, 20, -4, 338, 0, 105, 104, 144, 1.04, 0.03, -0.14, 17.50, 17.50, 18.00, 17.72, 17.78, 17.97, 17.66, 17.72, 17.81, 17.87, 17.53, 17.69, 17.66, 17.62, 17.87, 17.78, 9
0.00, 66.60, 0.00, 18.80, 1, 21, -2, 336, 0, 104, 110, 139, 1.04, 0.02, -0.14, 17.72, 17.75, 17.87, 18.06, 17.91, 17.72, 17.87, 17.75, 18.03, 17.97, 17.81, 17.78, 17.66, 17.66, 17.94, 17.81, 9
0.00, 66.60, 0.00, 18.80, 4, 25, 5, 341, 0, 111, 108, 136, 1.05, 0.02, -0.14, 17.66, 17.81, 17.87, 17.94, 17.94, 17.78, 17.78, 17.72, 17.87, 17.87, 17.62, 18.06, 17.53, 17.62, 18.00, 17.91, 9
0.00, 66.60, 0.00, 18.80, 4, 29, 7, 348, 0, 121, 101, 138, 1.04, 0.03, -0.12, 17.47, 17.62, 17.84, 17.75, 17.81, 17.69, 17.75, 17.78, 17.81, 17.91, 17.53, 17.75, 17.66, 17.59, 17.72, 17.75, 9
-0.10, 66.50, 0.00, 18.80, -4, 25, -2, 346, 0, 119, 97, 144, 1.04, 0.02, -0.13, 17.44, 17.47, 17.94, 17.75, 17.69, 17.66, 17.78, 17.56, 17.91, 17.66, 17.41, 17.62, 17.56, 17.53, 17.81, 17.78, 9
0.00, 66.50, 0.00, 18.80, -3, 22, -6, 340, 0, 109, 102, 145, 1.05, 0.03, -0.14, 17.31, 17.62, 17.81, 17.78, 17.72, 17.56, 17.50, 17.66, 17.75, 17.91, 17.47, 17.56, 17.44, 17.28, 17.75, 17.81, 9
0.00, 66.50, 0.00, 18.80, -1, 21, -5, 335, 0, 104, 108, 141, 1.04, 0.02, -0.14, 17.50, 17.56, 17.59, 17.47, 17.66, 17.44, 17.50, 17.59, 17.50, 17.53, 17.53, 17.53, 17.44, 17.34, 17.81, 17.62, 9
0.00, 66.50, 0.00, 18.80, -3, 18, 1, 336, 0, 105, 109, 139, 1.04, 0.03, -0.13, 17.34, 17.31, 17.56, 17.75, 17.56, 17.47, 17.31, 17.62, 17.56, 17.75, 17.19, 17.50, 17.37, 17.37, 17.66, 17.53, 9
0.00, 66.50, 0.00, 18.80, 0, 18, 5, 341, 0, 112, 107, 136, 1.04, 0.03, -0.14, 17.28, 17.31, 17.69, 17.44, 17.47, 17.41, 17.53, 17.56, 17.62, 17.50, 17.50, 17.28, 17.44, 17.25, 17.44, 17.66, 9
0.00, 66.50, 0.00, 18.80, 11, 29, 6, 347, 0, 121, 101, 137, 1.03, 0.03, -0.13, 17.06, 16.94, 17.22, 17.31, 17.31, 17.06, 17.09, 17.37, 17.56, 17.25, 17.16, 17.03, 17.09, 16.97, 17.28, 17.03, 9
0.00, 66.50, 0.00, 18.80, -4, 25, -3, 344, 0, 117, 97, 144, 1.05, 0.03, -0.13, 16.94, 16.94, 17.41, 17.28, 17.25, 17.12, 17.09, 17.25, 17.59, 17.22, 16.97, 17.03, 16.97, 16.97, 17.25, 17.28, 9
0.10, 66.60, 0.00, 18.80, 2, 27, -6, 338, 0, 108, 101, 144, 1.04, 0.01, -0.14, 16.69, 16.66, 17.03, 17.00, 16.75, 16.81, 16.91, 16.97, 17.09, 16.94, 16.53, 16.81, 16.59, 16.81, 16.84, 17.19, 9
0.00, 66.60, 0.00, 18.80, 8, 35, -4, 334, 0, 103, 108, 141, 1.04, 0.03, -0.13, 16.62, 16.59, 16.91, 17.03, 16.87, 16.59, 16.94, 17.06, 17.12, 17.09, 16.62, 16.62, 16.66, 16.59, 16.87, 17.03, 9
0.00, 66.60, 0.00, 18.80, -13, 22, 3, 337, 0, 109, 109, 137, 1.04, 0.02, -0.12, 16.66, 16.66, 16.78, 16.81, 16.91, 16.75, 16.81, 16.97, 16.97, 16.84, 16.66, 16.59, 16.72, 16.72, 16.91, 16.94, 9
0.00, 66.60, 0.00, 18.80, -3, 19, 8, 345, 0, 120, 102, 136, 1.04, 0.03, -0.12, 16.59, 16.59, 16.87, 16.91, 16.81, 16.72, 16.78, 17.16, 17.22, 16.87, 16.62, 16.59, 16.62, 16.62, 16.87, 17.00, 9
0.00, 66.60, 0.00, 18.80, 4, 23, 2, 347, 0, 121, 98, 141, 1.04, 0.03, -0.14, 16.56, 16.62, 16.87, 16.75, 16.75, 16.72, 16.78, 16.91, 17.00, 16.81, 16.53, 16.72, 16.56, 16.69, 16.78, 16.87, 9
0.00, 66.60, 0.00, 18.80, 3, 26, -2, 345, 0, 119, 97, 143, 1.04, 0.03, -0.13, 16.72, 16.41, 16.81, 16.87, 16.78, 16.62, 16.69, 17.00, 16.87, 16.91, 16.69, 16.62, 16.47, 16.59, 16.84, 16.91, 9
0.00, 66.60, 0.00, 18.80, 3, 29, -4, 341, 0, 112, 98, 145, 1.04, 0.03, -0.13, 16.56, 16.41, 16.69, 16.75, 16.69, 16.62, 16.56, 17.03, 16.81, 16.94, 16.37, 16.72, 16.56, 16.44, 16.72, 16.75, 9
0.00, 66.60, 0.00, 18.80, -7, 22, -5, 336, 0, 105, 104, 144, 1.04, 0.03, -0.14, 16.50, 16.34, 16.56, 16.69, 16.62, 16.59, 16.59, 17.03, 16.91, 16.66, 16.50, 16.62, 16.44, 16.31, 16.69, 16.81, 9
0.00, 66.60, 0.00, 18.80, -2, 20, -2, 334, 0, 104, 109, 139, 1.04, 0.02, -0.13, 16.37, 16.53, 16.72, 16.62, 16.75, 16.47, 16.62, 17.03, 16.81, 16.72, 16.56, 16.62, 16.53, 16.41, 16.75, 16.72, 9
0.00, 66.60, 0.00, 18.80, -2, 18, 0, 334, 0, 105, 109, 137, 1.04, 0.03, -0.14, 16.44, 16.66, 16.72, 16.53, 16.62, 16.31, 16.72, 16.69, 16.87, 16.56, 16.34, 16.56, 16.37, 16.37, 16.81, 16.78, 9
0.10, 66.70, 0.00, 18.80, 0, 18, 8, 342, 0, 116, 104, 136, 1.05, 0.03, -0.13, 16.28, 16.47, 16.84, 16.62, 16.56, 16.28, 16.47, 16.50, 16.84, 16.59, 16.37, 16.44, 16.34, 16.19, 16.59, 16.66, 9
0.00, 66.70, 0.00, 18.80, 0, 18, 1, 343, 0, 119, 103, 137, 1.04, 0.02, -0.13, 16.19, 16.37, 16.59, 16.53, 16.50, 16.25, 16.28, 16.72, 16.62, 16.56, 16.37, 16.31, 16.22, 16.25, 16.56, 16.53, 9
0.00, 66.70, 0.00, 18.80, 9, 27, 3, 346, 0, 121, 98, 140, 1.04, 0.03, -0.14, 16.31, 16.31, 16.56, 16.59, 16.72, 16.53, 16.53, 16.84, 16.87, 16.72, 16.37, 16.50, 16.34, 16.34, 16.59, 16.66, 9
0.00, 66.70, 0.00, 18.80, -2, 25, 0, 346, 0, 121, 99, 140, 1.05, 0.02, -0.13, 16.62, 16.47, 16.78, 16.66, 16.72, 16.56, 16.62, 16.94, 17.06, 16.87, 16.72, 16.53, 16.47, 16.37, 16.69, 16.66, 9
0.00, 66.70, 0.00, 18.80, -9, 16, -5, 341, 0, 116, 97, 145, 1.04, 0.03, -0.13, 16.47, 16.53, 16.62, 16.84, 16.81, 16.53, 16.62, 16.91, 17.00, 16.62, 16.53, 16.56, 16.50, 16.50, 16.78, 16.84, 9
0.00, 66.70, 0.00, 18.80, 4, 20, -5, 336, 0, 106, 103, 144, 1.05, 0.02, -0.12, 16.59, 16.34, 16.66, 16.62, 16.91, 16.50, 16.56, 16.94, 16.91, 16.62, 16.41, 16.62, 16.50, 16.50, 17.00, 16.56, 9
0.00, 66.70, 0.00, 18.80, -2, 18, -3, 333, 0, 104, 109, 139, 1.04, 0.03, -0.13, 16.22, 16.66, 16.56, 16.62, 16.44, 16.44, 16.62, 16.78, 16.75, 16.66, 16.34, 16.53, 16.31, 16.28, 16.72, 16.75, 9
0.00, 66.70, 0.00, 18.80, 2, 20, 7, 340, 0, 113, 106, 136, 1.04, 0.03, -0.14, 16.56, 16.44, 16.62, 16.75, 16.84, 16.50, 16.66, 16.97, 17.09, 16.91, 16.37, 16.66, 16.44, 16.47, 16.75, 16.66, 9
0.00, 66.70, 0.00, 18.80, 3, 23, 1, 341, 0, 116, 105, 135, 1.04, 0.02, -0.13, 16.44, 16.47, 16.75, 16.59, 16.78, 16.53, 16.75, 16.87, 17.03, 16.78, 16.31, 16.50, 16.41, 16.56, 16.78, 16.81, 9
0.00, 66.70, 0.00, 18.80, 2, 25, 5, 346, 0, 121, 99, 139, 1.04, 0.02, -0.13, 16.62, 16.44, 16.66, 16.56, 16.69, 16.53, 16.72, 16.97, 16.84, 16.75, 16.56, 16.59, 16.44, 16.34, 16.84, 16.81, 9
0.00, 66.70, 0.00, 18.80, 1, 26, 0, 346, 0, 120, 101, 138, 1.04, 0.03, -0.13, 16.34, 16.41, 16.50, 16.56, 16.41, 16.50, 16.53, 16.81, 16.81, 16.69, 16.44, 16.44, 16.31, 16.37, 16.62, 16.37, 9
0.00, 66.70, 0.00, 18.80, -5, 21, -4, 342, 0, 117, 97, 144, 1.03, 0.03, -0.15, 16.16, 16.06, 16.37, 16.22, 16.34, 16.09, 16.28, 16.59, 16.75, 16.44, 16.16, 16.06, 15.91, 16.06, 16.41, 16.34, 9
0.00, 66.70, 0.00, 18.80, -3, 18, -6, 336, 0, 108, 101, 144, 1.04, 0.03, -0.14, 16.22, 16.12, 16.25, 16.25, 16.37, 16.06, 16.41, 16.37, 16.37, 16.41, 16.12, 16.25, 16.00, 16.03, 16.56, 16.31, 9
0.00, 66.70, 0.00, 18.80, 5, 23, -4, 332, 0, 104, 107, 140, 1.04, 0.03, -0.13, 16.19, 16.16, 16.12, 16.44, 16.25, 16.12, 16.31, 16.53, 16.56, 16.50, 16.09, 16.06, 16.06, 16.09, 16.41, 16.34, 9
-0.10, 66.60, 0.00, 18.80, 1, 24, 6, 338, 0, 112, 107, 135, 1.05, 0.02, -0.13, 16.31, 16.00, 16.28, 16.31, 16.19, 16.19, 16.09, 16.53, 16.50, 16.41, 16.12, 16.22, 16.00, 15.91, 16.47, 16.28, 9
0.00, 66.60, 0.00, 18.80, -1, 23, 6, 344, 0, 120, 101, 138, 1.04, 0.02, -0.14, 16.03, 16.31, 16.37, 16.41, 16.37, 16.12, 16.41, 16.62, 16.75, 16.50, 16.25, 16.16, 16.00, 16.28, 16.44, 16.28, 9
0.00, 66.60, 0.00, 18.80, -1, 22, -1, 343, 0, 118, 97, 143, 1.04, 0.02, -0.13, 16.03, 16.19, 16.41, 16.50, 16.25, 16.31, 16.34, 16.81, 16.66, 16.50, 16.22, 16.31, 16.16, 16.19, 16.44, 16.37, 9
0.00, 66.60, 0.10, 18.90, 5, 27, -9, 334, 0, 106, 103, 144, 1.05, 0.03, -0.14, 16.28, 16.16, 16.75, 16.53, 16.62, 16.53, 16.56, 16.78, 16.94, 16.75, 16.41, 16.44, 16.34, 16.25, 16.53, 16.56, 9
0.10, 66.70, 0.00, 18.90, -4, 23, -2, 332, 0, 104, 108, 139, 1.04, 0.03, -0.13, 16.00, 16.16, 16.31, 16.44, 16.53, 16.37, 16.41, 16.56, 16.69, 16.44, 16.12, 16.28, 16.28, 16.22, 16.50, 16.25, 9
0.00, 66.70, 0.00, 18.90, -2, 21, 5, 337, 0, 110, 108, 136, 1.04, 0.02, -0.13, 16.03, 16.12, 16.41, 16.34, 16.47, 16.25, 16.34, 16.69, 16.62, 16.44, 16.28, 16.19, 16.28, 16.16, 16.31, 16.37, 9
0.00, 66.70, 0.00, 18.90, -2, 19, 7, 344, 0, 119, 101, 137, 1.03, 0.03, -0.13, 16.16, 16.09, 16.16, 16.34, 16.16, 16.03, 16.16, 16.44, 16.72, 16.31, 16.16, 16.09, 16.06, 15.78, 16.16, 16.25, 9
-0.10, 66.60, 0.00, 18.90, 3, 22, -4, 340, 0, 115, 98, 144, 1.04, 0.03, -0.14, 15.94, 16.00, 16.25, 16.34, 16.16, 16.09, 16.25, 16.37, 16.56, 16.31, 16.03, 16.25, 15.97, 15.91, 16.25, 16.12, 9
0.00, 66.60, 0.00, 18.90, 4, 26, -6, 334, 0, 106, 102, 144, 1.04, 0.03, -0.14, 15.91, 15.88, 15.94, 16.25, 16.00, 16.09, 16.03, 16.53, 16.53, 16.28, 15.97, 15.94, 15.88, 15.78, 16.00, 16.25, 9
0.00, 66.60, 0.00, 18.90, -5, 21, -2, 332, 0, 104, 105, 143, 1.04, 0.02, -0.13, 15.81, 15.91, 15.88, 16.09, 15.81, 15.84, 16.19, 16.16, 16.31, 16.28, 15.88, 15.91, 15.63, 15.63, 16.00, 16.06, 9
0.00, 66.60, 0.00, 18.90, 0, 21, 4, 336, 0, 109, 108, 136, 1.04, 0.02, -0.13, 15.63, 15.88, 15.91, 15.97, 16.03, 16.00, 15.75, 16.31, 16.28, 16.12, 15.78, 15.78, 15.81, 15.63, 16.12, 15.94, 9
-0.10, 66.50, 0.00, 18.90, 1, 22, 5, 341, 0, 117, 103, 136, 1.03, 0.03, -0.14, 15.91, 15.84, 16.19, 16.19, 16.06, 15.91, 16.03, 16.44, 16.44, 16.19, 15.94, 16.09, 15.88, 15.72, 16.25, 16.06, 9
0.00, 66.50, 0.00, 18.90, 2, 24, 3, 344, 0, 119, 99, 140, 1.03, 0.03, -0.14, 16.06, 15.97, 16.28, 16.28, 16.19, 15.88, 15.97, 16.28, 16.50, 16.25, 16.00, 15.97, 15.88, 15.91, 16.12, 16.28, 9
0.00, 66.50, 0.00, 18.90, 3, 27, 0, 344, 0, 119, 97, 141, 1.04, 0.03, -0.13, 15.78, 15.91, 16.22, 16.12, 16.12, 15.94, 16.19, 16.37, 16.56, 16.28, 15.88, 16.03, 15.84, 16.03, 15.97, 16.06, 9
0.00, 66.50, 0.00, 18.90, -7, 20, -4, 340, 0, 114, 97, 144, 1.04, 0.02, -0.12, 16.00, 16.03, 16.25, 16.22, 16.06, 15.94, 16.25, 16.41, 16.44, 16.41, 16.00, 16.06, 16.00, 15.97, 16.28, 16.00, 9
0.00, 66.50, 0.00, 18.90, 4, 24, -6, 334, 0, 107, 103, 144, 1.04, 0.02, -0.13, 15.97, 16.06, 16.28, 16.34, 16.19, 16.03, 16.44, 16.34, 16.66, 16.37, 16.19, 16.16, 16.12, 15.84, 16.19, 16.12, 9
0.00, 66.50, 0.00, 18.90, -3, 21, -2, 332, 0, 105, 105, 143, 1.04, 0.03, -0.14, 16.09, 15.97, 16.34, 16.28, 16.31, 16.19, 16.31, 16.37, 16.53, 16.66, 16.03, 16.06, 16.09, 16.03, 16.31, 16.16, 9
0.00, 66.50, 0.00, 18.90, 7, 28, 3, 335, 0, 106, 108, 137, 1.04, 0.02, -0.13, 16.28, 16.37, 16.53, 16.56, 16.62, 16.44, 16.66, 16.78, 16.78, 16.75, 16.44, 16.44, 16.37, 16.37, 16.62, 16.47, 9
-0.10, 66.40, 0.00, 18.90, -3, 25, 1, 336, 0, 109, 107, 136, 1.04, 0.02, -0.13, 16.37, 16.34, 16.59, 16.53, 16.66, 16.50, 16.62, 16.91, 16.94, 16.75, 16.47, 16.41, 16.50, 16.28, 16.59, 16.59, 9
0.00, 66.40, 0.00, 18.90, -4, 21, 5, 341, 0, 118, 102, 137, 1.04, 0.03, -0.14, 16.00, 16.16, 16.50, 16.50, 16.50, 16.25, 16.62, 16.91, 16.87, 16.53, 16.44, 16.31, 16.19, 16.12, 16.50, 16.47, 9
0.00, 66.40, 0.00, 18.90, -3, 18, 3, 344, 0, 119, 98, 140, 1.04, 0.03, -0.14, 15.91, 15.84, 16.19, 16.19, 16.25, 16.03, 16.19, 16.44, 16.50, 16.28, 16.16, 16.12, 15.84, 15.75, 16.28, 16.09, 9
-0.10, 66.30, 0.00, 18.90, 3, 21, -3, 341, 0, 116, 97, 143, 1.04, 0.03, -0.14, 15.88, 16.34, 16.19, 16.37, 16.28, 16.12, 16.34, 16.66, 16.66, 16.41, 16.12, 16.19, 16.12, 15.97, 16.37, 16.34, 9
0.00, 66.30, 0.00, 18.90, 2, 23, -6, 335, 0, 108, 101, 144, 1.04, 0.02, -0.13, 15.88, 16.00, 16.00, 16.19, 16.22, 16.19, 16.16, 16.56, 16.19, 16.31, 15.94, 16.25, 16.00, 16.00, 16.37, 16.12, 9
0.00, 66.30, 0.00, 18.90, -4, 19, -4, 331, 0, 103, 107, 140, 1.04, 0.02, -0.13, 16.00, 15.94, 16.22, 16.31, 16.37, 16.09, 16.34, 16.50, 16.56, 16.25, 16.28, 16.28, 15.97, 15.88, 16.19, 16.37, 9
0.00, 66.30, 0.00, 18.90, 10, 29, 7, 338, 0, 113, 106, 136, 1.04, 0.03, -0.14, 16.09, 16.19, 16.19, 16.47, 16.31, 16.28, 16.37, 16.62, 16.66, 16.37, 16.22, 16.19, 16.06, 16.06, 16.44, 16.53, 9
-0.10, 66.20, 0.00, 18.90, -8, 21, 6, 344, 0, 119, 100, 137, 1.04, 0.02, -0.14, 16.09, 15.97, 16.31, 16.41, 16.25, 16.06, 16.31, 16.59, 16.50, 16.53, 16.09, 16.19, 16.03, 15.94, 16.34, 16.37, 9
0.00, 66.20, 0.00, 18.90, 2, 23, -2, 342, 0, 117, 97, 142, 1.04, 0.02, -0.13, 16.00, 15.94, 16.31, 16.41, 16.50, 16.34, 16.44, 16.44, 16.53, 16.41, 16.12, 16.25, 16.19, 16.16, 16.44, 16.28, 9
0.00, 66.20, 0.00, 18.90, -4, 19, -6, 336, 0, 110, 100, 143, 1.04, 0.02, -0.13, 15.84, 16.09, 16.12, 16.31, 16.22, 16.03, 16.28, 16.47, 16.56, 16.31, 16.00, 16.09, 16.00, 15.91, 16.25, 16.25, 9
-0.10, 66.10, 0.00, 18.90, 0, 19, -4, 332, 0, 104, 107, 138, 1.04, 0.02, -0.12, 15.81, 15.78, 16.19, 16.12, 16.25, 16.16, 16.22, 16.59, 16.50, 16.31, 16.09, 16.00, 16.03, 15.94, 16.12, 16.12, 9
0.00, 66.10, 0.00, 18.90, 3, 22, 5, 337, 0, 111, 106, 136, 1.04, 0.03, -0.13, 16.00, 16.03, 16.12, 16.12, 16.41, 16.22, 16.12, 16.59, 16.62, 16.25, 16.06, 16.06, 16.19, 15.91, 16.25, 16.28, 9
0.00, 66.10, 0.00, 18.90, -4, 18, 6, 343, 0, 119, 101, 137, 1.03, 0.02, -0.13, 15.88, 15.97, 16.06, 16.06, 15.97, 15.94, 16.03, 16.37, 16.44, 16.25, 15.63, 15.88, 15.91, 15.81, 16.31, 16.06, 9
0.00, 66.10, 0.00, 18.90, 9, 27, -3, 340, 0, 115, 98, 143, 1.04, 0.02, -0.14, 15.63, 15.91, 15.94, 15.97, 15.91, 15.75, 15.88, 16.31, 16.28, 16.00, 15.81, 15.78, 15.78, 15.66, 16.03, 15.94, 9
-0.10, 66.00, 0.00, 18.90, -7, 20, -7, 333, 0, 107, 103, 143, 1.04, 0.03, -0.14, 15.75, 15.78, 15.94, 15.94, 16.03, 15.56, 15.94, 16.37, 16.19, 16.12, 15.88, 15.66, 15.88, 15.66, 16.03, 15.91, 9
0.00, 66.00, 0.00, 18.90, 5, 25, 1, 334, 0, 107, 107, 137, 1.04, 0.03, -0.13, 15.69, 15.75, 15.81, 15.91, 15.88, 15.78, 15.84, 16.47, 16.28, 16.03, 15.88, 15.88, 15.66, 15.69, 15.91, 15.81, 9
0.00, 66.00, 0.00, 18.90, -2, 23, 6, 340, 0, 116, 104, 136, 1.03, 0.03, -0.13, 15.47, 15.59, 15.81, 15.75, 15.84, 15.91, 15.94, 16.16, 16.22, 16.00, 15.59, 15.91, 15.53, 15.53, 15.88, 15.81, 9
-0.10, 65.90, 0.00, 18.90, -6, 17, 3, 343, 0, 119, 98, 141, 1.04, 0.03, -0.13, 15.84, 15.72, 16.03, 15.88, 16.00, 16.00, 16.28, 16.25, 16.37, 16.16, 15.78, 16.00, 15.81, 15.81, 16.09, 15.97, 9
0.00, 65.90, 0.00, 18.90, 1, 18, -6, 337, 0, 112, 99, 144, 1.04, 0.02, -0.13, 15.88, 15.75, 15.88, 16.09, 16.03, 15.88, 16.00, 16.41, 16.47, 16.12, 15.84, 15.91, 15.88, 15.69, 16.09, 15.91, 9
0.00, 65.90, 0.00, 18.90, 0, 18, -5, 332, 0, 105, 104, 142, 1.04, 0.03, -0.13, 15.72, 16.03, 16.09, 16.16, 16.16, 16.03, 16.28, 16.53, 16.56, 16.31, 16.16, 16.12, 15.91, 15.72, 16.09, 16.12, 9
0.00, 65.90, 0.00, 18.90, 7, 25, 2, 334, 0, 107, 108, 136, 1.05, 0.03, -0.13, 16.00, 16.03, 16.19, 16.28, 16.19, 16.12, 16.19, 16.47, 16.66, 16.31, 16.19, 15.91, 16.00, 15.97, 16.41, 16.03, 9
-0.10, 65.80, 0.00, 18.90, -7, 18, 5, 339, 0, 115, 104, 136, 1.04, 0.02, -0.13, 16.25, 16.09, 16.19, 16.28, 16.25, 16.25, 16.28, 16.59, 16.53, 16.28, 16.12, 16.37, 16.19, 16.06, 16.37, 16.25, 9
0.00, 65.80, 0.00, 18.90, 6, 24, 5, 344, 0, 119, 99, 139, 1.05, 0.02, -0.14, 15.94, 15.72, 16.06, 16.25, 16.03, 16.03, 16.34, 16.69, 16.31, 16.25, 16.22, 15.97, 15.94, 15.91, 16.31, 16.16, 9
0.00, 65.80, 0.00, 18.90, -5, 19, -4, 340, 0, 116, 98, 143, 1.04, 0.03, -0.14, 15.88, 15.97, 16.03, 16.09, 16.25, 16.03, 16.25, 16.50, 16.41, 16.31, 15.97, 15.97, 16.03, 15.91, 16.28, 16.12, 9
-0.20, 65.60, 0.00, 18.90, 4, 23, -8, 332, 0, 106, 103, 143, 1.04, 0.02, -0.13, 15.88, 16.25, 16.34, 16.44, 16.47, 16.28, 16.34, 16.75, 16.53, 16.62, 16.31, 16.19, 16.06, 16.19, 16.53, 16.31, 9
0.00, 65.60, 0.00, 18.90, 2, 25, -1, 331, 0, 104, 108, 137, 1.04, 0.03, -0.13, 16.16, 16.19, 16.19, 16.56, 16.44, 16.19, 16.37, 16.66, 16.75, 16.56, 16.28, 16.25, 16.03, 15.97, 16.56, 16.34, 9
0.00, 65.60, 0.00, 18.90, -7, 18, 5, 336, 0, 110, 106, 136, 1.04, 0.03, -0.14, 16.19, 16.22, 16.41, 16.50, 16.53, 16.28, 16.47, 17.00, 16.69, 16.62, 16.34, 16.53, 16.19, 16.28, 16.47, 16.47, 9
0.00, 65.60, 0.00, 18.90, 14, 32, 8, 344, 0, 117, 101, 137, 1.03, 0.03, -0.14, 16.56, 16.53, 16.59, 16.75, 16.84, 16.66, 16.78, 16.81, 17.00, 16.78, 16.59, 16.62, 16.62, 16.44, 16.81, 16.66, 9
-0.10, 65.50, 0.00, 18.90, -15, 17, -2, 342, 0, 116, 97, 142, 1.04, 0.03, -0.13, 16.31, 16.41, 16.66, 16.75, 16.72, 16.75, 16.81, 16.94, 17.00, 16.84, 16.44, 16.59, 16.56, 16.59, 16.66, 16.66, 9
0.00, 65.50, 0.00, 18.90, 1, 18, -6, 336, 0, 110, 99, 144, 1.04, 0.02, -0.14, 16.72, 16.56, 16.91, 17.00, 17.00, 17.06, 16.87, 17.09, 17.22, 17.06, 16.75, 17.00, 16.69, 16.72, 17.12, 16.66, 9
0.00, 65.50, 0.00, 18.90, 3, 21, -5, 331, 0, 104, 104, 142, 1.04, 0.03, -0.14, 16.44, 16.69, 16.87, 17.00, 16.91, 17.00, 16.72, 17.22, 17.06, 16.94, 16.78, 16.94, 16.84, 16.53, 16.94, 16.81, 9
0.00, 65.50, 0.00, 18.90, 1, 22, 3, 334, 0, 107, 107, 136, 1.05, 0.02, -0.13, 16.25, 16.47, 16.66, 16.72, 16.69, 16.47, 16.75, 16.75, 16.91, 16.72, 16.50, 16.56, 16.31, 16.41, 16.81, 16.53, 9
0.00, 65.50, 0.00, 18.90, 7, 29, 5, 339, 0, 116, 104, 135, 1.04, 0.02, -0.13, 16.37, 16.28, 16.34, 16.62, 16.50, 16.44, 16.66, 16.62, 16.78, 16.56, 16.41, 16.44, 16.28, 16.34, 16.56, 16.47, 9
0.00, 65.50, 0.00, 18.90, -4, 25, 5, 344, 0, 118, 100, 138, 1.04, 0.03, -0.13, 16.19, 16.50, 16.50, 16.81, 16.72, 16.59, 16.53, 16.94, 16.91, 16.87, 16.56, 16.59, 16.47, 16.37, 16.72, 16.28, 9
0.00, 65.50, 0.00, 18.90, 9, 34, -5, 339, 0, 114, 97, 143, 1.04, 0.02, -0.13, 16.12, 16.28, 16.37, 16.47, 16.56, 16.41, 16.53, 16.75, 16.59, 16.62, 16.37, 16.47, 16.37, 16.28, 16.50, 16.28, 9
-0.20, 65.30, 0.00, 18.90, -13, 21, -5, 334, 0, 108, 102, 143, 1.04, 0.03, -0.13, 16.19, 16.22, 16.44, 16.75, 16.69, 16.56, 16.47, 16.97, 16.84, 16.75, 16.31, 16.47, 16.31, 16.34, 16.72, 16.53, 9
0.00, 65.30, 0.00, 18.90, -3, 18, -3, 331, 0, 104, 106, 140, 1.04, 0.03, -0.13, 16.37, 16.16, 16.41, 16.56, 16.34, 16.44, 16.28, 16.75, 16.78, 16.41, 16.41, 16.44, 16.34, 16.06, 16.44, 16.44, 9
0.00, 65.30, 0.00, 18.90, 2, 20, 3, 334, 0, 107, 107, 136, 1.04, 0.02, -0.13, 16.19, 16.16, 16.69, 16.69, 16.56, 16.41, 16.50, 16.75, 16.84, 16.66, 16.37, 16.47, 16.31, 16.34, 16.66, 16.28, 9
0.00, 65.30, 0.00, 18.90, -1, 19, 7, 341, 0, 116, 103, 136, 1.04, 0.03, -0.14, 16.34, 16.12, 16.50, 16.50, 16.47, 16.44, 16.41, 16.78, 16.62, 16.66, 16.41, 16.41, 16.34, 16.28, 16.53, 16.31, 9
0.00, 65.30, 0.00, 18.90, 1, 20, 3, 344, 0, 119, 99, 139, 1.04, 0.03, -0.13, 16.09, 16.25, 16.25, 16.62, 16.44, 16.31, 16.50, 16.78, 16.66, 16.56, 16.19, 16.25, 16.47, 16.34, 16.44, 16.34, 9
0.00, 65.30, 0.00, 18.90, 0, 20, -4, 340, 0, 116, 97, 142, 1.04, 0.03, -0.13, 16.12, 16.09, 16.37, 16.56, 16.44, 16.34, 16.37, 16.81, 16.66, 16.62, 16.41, 16.34, 16.28, 16.09, 16.44, 16.28, 9
0.00, 65.30, 0.00, 18.90, 4, 24, -6, 334, 0, 107, 101, 143, 1.05, 0.03, -0.13, 15.97, 16.16, 16.25, 16.56, 16.56, 16.41, 16.53, 16.66, 16.91, 16.50, 16.25, 16.28, 16.19, 16.25, 16.53, 16.19, 9
-0.10, 65.20, 0.00, 18.90, 1, 25, -3, 331, 0, 104, 106, 139, 1.05, 0.02, -0.13, 16.03, 16.00, 16.31, 16.53, 16.28, 16.34, 16.47, 16.53, 16.81, 16.41, 16.25, 16.28, 16.03, 16.12, 16.41, 16.19, 9
0.00, 65.20, 0.00, 18.90, -4, 21, 0, 331, 0, 103, 106, 140, 1.04, 0.03, -0.12, 15.84, 16.12, 16.12, 16.31, 16.16, 16.03, 16.19, 16.37, 16.25, 16.28, 16.16, 16.03, 15.97, 16.00, 16.41, 16.06, 9
0.00, 65.20, 0.00, 18.90, 1, 22, 2, 333, 0, 106, 107, 137, 1.05, 0.02, -0.13, 15.69, 15.81, 15.81, 16.25, 16.06, 15.81, 16.16, 16.53, 16.37, 16.28, 15.81, 15.91, 15.72, 15.72, 16.00, 16.31, 9
-0.10, 65.10, 0.00, 18.90, -4, 18, 2, 335, 0, 109, 107, 136, 1.04, 0.03, -0.13, 15.91, 15.78, 16.31, 16.31, 16.31, 16.19, 16.22, 16.53, 16.75, 16.34, 16.03, 16.09, 15.97, 16.03, 16.34, 16.00, 9
0.00, 65.10, 0.00, 18.90, 1, 19, 4, 339, 0, 114, 104, 136, 1.05, 0.02, -0.13, 15.53, 15.72, 15.94, 16.16, 15.84, 15.91, 15.97, 16.34, 16.31, 16.19, 15.81, 15.81, 15.69, 15.81, 16.06, 15.72, 9
0.00, 65.10, 0.00, 18.90, 2, 21, 5, 344, 0, 118, 100, 138, 1.04, 0.02, -0.15, 15.84, 15.91, 15.97, 15.97, 16.25, 15.84, 15.97, 16.37, 16.41, 16.16, 15.66, 15.91, 15.97, 15.84, 16.12, 16.06, 9
0.00, 65.10, 0.00, 18.90, 4, 25, 0, 344, 0, 118, 98, 140, 1.04, 0.02, -0.13, 15.78, 15.91, 16.06, 16.25, 16.06, 15.94, 16.25, 16.47, 16.62, 16.31, 15.97, 15.88, 15.97, 15.88, 16.09, 16.00, 9
-0.20, 64.90, 0.00, 18.90, -4, 21, -4, 340, 0, 115, 98, 142, 1.04, 0.02, -0.13, 15.81, 15.88, 16.09, 16.09, 16.00, 15.88, 16.09, 16.50, 16.34, 16.34, 15.91, 16.06, 15.66, 15.78, 16.22, 16.03, 9
0.00, 64.90, 0.00, 18.90, 0, 21, -4, 336, 0, 110, 100, 143, 1.04, 0.03, -0.12, 15.75, 15.97, 16.09, 16.09, 16.09, 16.00, 16.16, 16.44, 16.34, 16.37, 15.97, 15.94, 15.88, 15.78, 16.28, 16.03, 9
0.00, 64.90, 0.00, 18.90, -4, 17, -5, 331, 0, 105, 103, 142, 1.04, 0.03, -0.13, 15.81, 16.06, 16.28, 16.31, 16.22, 16.19, 16.28, 16.66, 16.59, 16.25, 16.25, 16.16, 16.12, 15.97, 16.31, 16.16, 9
-0.10, 64.80, 0.00, 18.90, 8, 25, 0, 331, 0, 103, 107, 139, 1.04, 0.03, -0.13, 15.91, 15.78, 16.12, 16.16, 16.16, 15.81, 16.06, 16.19, 16.22, 16.19, 15.81, 15.88, 15.88, 16.00, 16.25, 15.97, 9
0.00, 64.80, 0.00, 18.90, -5, 20, 3, 334, 0, 107, 107, 136, 1.04, 0.02, -0.14, 15.63, 15.81, 15.75, 16.09, 16.19, 15.84, 15.94, 16.41, 16.41, 16.22, 15.78, 15.75, 15.63, 15.69, 16.19, 16.00, 9
0.00, 64.80, 0.00, 18.90, 2, 22, 4, 338, 0, 111, 105, 136, 1.04, 0.02, -0.13, 15.72, 15.97, 16.03, 16.16, 16.25, 16.19, 16.22, 16.47, 16.59, 16.28, 15.97, 16.06, 15.97, 15.84, 16.25, 16.03, 9
0.00, 64.80, 0.00, 18.90, 4, 26, 6, 344, 0, 118, 99, 138, 1.04, 0.02, -0.14, 15.94, 16.03, 16.03, 16.16, 16.19, 15.97, 16.31, 16.44, 16.34, 16.31, 16.06, 15.91, 15.94, 16.12, 16.31, 16.06, 9
-0.10, 64.70, 0.00, 18.90, -8, 18, 0, 344, 0, 118, 99, 138, 1.04, 0.02, -0.13, 15.97, 15.91, 16.09, 16.22, 16.41, 16.00, 16.12, 16.50, 16.37, 16.37, 16.03, 16.03, 15.97, 15.97, 16.31, 16.16, 9
0.00, 64.70, 0.00, 18.90, 1, 19, -2, 342, 0, 116, 97, 142, 1.04, 0.03, -0.14, 15.56, 15.91, 16.06, 16.34, 16.28, 16.03, 16.47, 16.66, 16.47, 16.31, 16.16, 16.06, 15.91, 15.91, 16.31, 16.19, 9
0.00, 64.70, 0.00, 18.90, 1, 20, -5, 337, 0, 111, 99, 143, 1.04, 0.04, -0.13, 15.69, 15.91, 16.09, 16.16, 16.31, 16.06, 16.34, 16.31, 16.41, 16.25, 15.94, 16.03, 16.03, 15.88, 16.19, 16.16, 9
-0.10, 64.60, 0.00, 18.90, -1, 19, -3, 334, 0, 107, 102, 143, 1.04, 0.03, -0.14, 16.06, 15.88, 16.28, 16.28, 16.19, 16.25, 16.34, 16.41, 16.37, 16.37, 16.16, 16.12, 16.09, 16.00, 16.47, 16.09, 9
0.00, 64.60, 0.00, 18.90, 4, 23, -3, 331, 0, 104, 106, 138, 1.04, 0.03, -0.15, 15.94, 15.91, 15.97, 16.28, 16.16, 16.19, 16.34, 16.62, 16.44, 16.41, 16.12, 16.16, 15.97, 15.91, 16.28, 16.12, 9
0.00, 64.60, 0.00, 18.90, -2, 21, 4, 335, 0, 109, 106, 136, 1.04, 0.03, -0.14, 15.78, 15.94, 16.12, 16.31, 16.31, 16.09, 16.19, 16.37, 16.50, 16.31, 16.06, 16.09, 15.78, 15.75, 16.47, 16.16, 9
0.00, 64.60, 0.00, 18.90, 5, 26, 7, 342, 0, 116, 101, 137, 1.04, 0.03, -0.14, 15.78, 15.84, 15.88, 16.09, 16.00, 15.78, 16.16, 16.34, 16.41, 16.25, 15.69, 15.84, 15.78, 15.75, 16.16, 16.00, 9
-0.10, 64.50, 0.00, 18.90, -4, 22, 2, 344, 0, 118, 99, 139, 1.04, 0.03, -0.13, 15.78, 15.84, 15.94, 16.25, 16.16, 15.97, 16.12, 16.34, 16.41, 16.19, 15.97, 16.06, 15.81, 15.75, 16.16, 16.06, 9
0.00, 64.50, 0.00, 18.90, -3, 19, -3, 341, 0, 115, 97, 142, 1.04, 0.02, -0.14, 15.94, 15.78, 16.19, 16.31, 16.25, 16.19, 16.06, 16.44, 16.56, 16.28, 16.03, 15.94, 16.00, 15.97, 16.34, 16.03, 9
0.00, 64.50, 0.00, 18.90, 3, 22, 0, 341, 0, 115, 97, 142, 1.05, 0.02, -0.14, 15.84, 16.16, 16.09, 16.34, 16.53, 16.19, 16.28, 16.56, 16.59, 16.41, 16.28, 16.19, 15.97, 16.16, 16.28, 16.12, 9
-0.10, 64.40, 0.00, 18.90, 1, 23, -3, 338, 0, 110, 99, 143, 1.04, 0.02, -0.13, 16.28, 16.41, 16.47, 16.47, 16.53, 16.41, 16.50, 16.69, 16.72, 16.72, 16.37, 16.44, 16.47, 16.22, 16.56, 16.25, 9
0.00, 64.40, 0.00, 18.90, -3, 20, 0, 338, 0, 112, 98, 143, 1.04, 0.03, -0.14, 16.09, 16.16, 16.47, 16.81, 16.72, 16.56, 16.44, 16.75, 16.78, 16.69, 16.41, 16.41, 16.34, 16.31, 16.75, 16.31, 9
0.00, 64.40, 0.00, 18.90, 1, 21, -4, 334, 0, 107, 101, 143, 1.04, 0.02, -0.14, 16.31, 16.37, 16.44, 16.56, 16.66, 16.47, 16.47, 16.62, 16.87, 16.62, 16.41, 16.25, 16.25, 16.28, 16.81, 16.41, 9
0.00, 64.40, 0.00, 18.90, 9, 30, -3, 331, 0, 103, 106, 138, 1.04, 0.02, -0.13, 16.37, 16.25, 16.44, 16.78, 16.72, 16.53, 16.56, 16.84, 16.91, 16.62, 16.37, 16.41, 16.50, 16.25, 16.75, 16.69, 9
-0.20, 64.20, 0.00, 18.90, -11, 19, 4, 335, 0, 107, 106, 137, 1.04, 0.02, -0.13, 16.31, 16.34, 16.50, 16.66, 16.59, 16.41, 16.41, 16.69, 16.59, 16.62, 16.37, 16.56, 16.34, 16.31, 16.62, 16.47, 9
0.00, 64.20, 0.00, 18.90, 2, 21, 9, 344, 0, 117, 100, 138, 1.05, 0.03, -0.13, 16.12, 16.31, 16.44, 16.59, 16.37, 16.37, 16.59, 16.66, 16.69, 16.66, 16.31, 16.31, 16.25, 16.12, 16.69, 16.44, 9
0.00, 64.20, 0.00, 18.90, 1, 22, 0, 344, 0, 117, 100, 137, 1.04, 0.03, -0.14, 16.12, 16.25, 16.41, 16.41, 16.50, 16.44, 16.28, 16.37, 16.72, 16.41, 16.22, 16.37, 16.25, 16.06, 16.41, 16.34, 9
-0.10, 64.10, 0.00, 18.90, -2, 20, 1, 345, 0, 118, 99, 139, 1.04, 0.03, -0.14, 15.88, 16.00, 16.28, 16.25, 16.37, 16.19, 16.34, 16.44, 16.50, 16.47, 16.12, 16.28, 16.09, 15.94, 16.28, 16.06, 9
0.00, 64.10, 0.00, 18.90, -3, 17, -1, 344, 0, 117, 98, 140, 1.05, 0.03, -0.13, 15.91, 15.88, 15.94, 16.37, 16.31, 16.25, 16.09, 16.44, 16.34, 16.37, 15.97, 15.91, 16.00, 16.00, 16.19, 16.41, 9
0.00, 64.10, 0.00, 18.90, 9, 26, -3, 341, 0, 115, 97, 142, 1.04, 0.03, -0.13, 15.94, 15.88, 16.16, 16.16, 16.00, 16.09, 16.12, 16.56, 16.50, 16.37, 15.94, 16.00, 15.88, 15.69, 16.47, 16.06, 9
0.00, 64.10, 0.00, 18.90, 3, 29, -2, 339, 0, 112, 98, 143, 1.04, 0.02, -0.13, 15.75, 15.88, 16.09, 16.19, 16.09, 16.03, 16.28, 16.44, 16.59, 16.22, 15.94, 16.09, 15.91, 15.75, 16.22, 16.03, 9
-0.10, 64.00, 0.00, 18.90, -5, 24, -4, 335, 0, 107, 101, 143, 1.04, 0.03, -0.14, 15.63, 16.00, 15.88, 16.00, 16.06, 16.03, 16.12, 16.25, 16.25, 16.09, 15.94, 15.84, 15.81, 15.78, 16.25, 16.00, 9
0.00, 64.00, 0.00, 18.90, -4, 20, -3, 332, 0, 105, 107, 137, 1.04, 0.03, -0.14, 15.72, 15.59, 15.94, 16.22, 16.22, 16.09, 16.19, 16.28, 16.34, 15.91, 15.81, 15.97, 15.94, 15.81, 16.31, 16.16, 9
0.00, 64.00, 0.00, 18.90, 0, 20, 4, 336, 0, 109, 106, 135, 1.04, 0.03, -0.14, 15.84, 15.66, 15.84, 16.00, 16.06, 15.81, 15.88, 16.16, 16.37, 16.03, 15.69, 15.75, 15.69, 15.72, 16.06, 15.94, 9
-0.10, 63.90, 0.00, 18.90, -1, 19, 7, 343, 0, 116, 102, 137, 1.05, 0.03, -0.12, 15.78, 15.72, 15.94, 15.97, 16.22, 16.00, 16.06, 16.22, 16.41, 16.19, 15.84, 15.81, 15.72, 15.69, 16.28, 15.97, 9
0.00, 63.90, 0.00, 18.90, 8, 27, 2, 345, 0, 118, 99, 139, 1.04, 0.03, -0.13, 15.78, 15.88, 16.03, 16.28, 16.16, 15.94, 15.97, 16.53, 16.41, 16.34, 15.84, 16.16, 15.91, 15.78, 16.16, 15.97, 9
0.00, 63.90, 0.00, 18.90, -8, 19, -2, 343, 0, 117, 97, 142, 1.04, 0.02, -0.14, 16.03, 15.91, 16.12, 16.22, 16.25, 16.06, 16.09, 16.59, 16.47, 16.31, 16.12, 16.06, 15.97, 15.97, 16.28, 16.09, 9
0.00, 63.90, 0.00, 18.90, 9, 28, -3, 340, 0, 113, 97, 142, 1.04, 0.03, -0.13, 15.56, 15.75, 15.88, 16.00, 15.94, 15.88, 16.06, 16.22, 16.19, 16.31, 15.63, 15.81, 15.69, 15.69, 16.09, 15.88, 9
-0.10, 63.80, 0.00, 18.90, -4, 24, -4, 336, 0, 109, 100, 143, 1.05, 0.02, -0.14, 15.75, 15.81, 15.94, 16.03, 16.22, 15.88, 16.06, 16.31, 16.41, 16.22, 15.84, 16.03, 15.81, 15.84, 15.94, 15.91, 9
0.00, 63.80, 0.00, 18.90, 0, 24, -4, 332, 0, 104, 106, 139, 1.04, 0.03, -0.14, 15.84, 15.94, 15.97, 16.19, 16.22, 16.00, 16.16, 16.12, 16.41, 16.37, 16.03, 15.94, 15.88, 15.75, 16.09, 15.97, 9
0.00, 63.80, 0.00, 18.90, -5, 19, 3, 335, 0, 106, 107, 137, 1.04, 0.01, -0.14, 15.84, 16.19, 16.25, 16.41, 16.28, 16.16, 16.34, 16.44, 16.47, 16.44, 16.19, 16.03, 16.19, 16.09, 16.34, 16.16, 9
-0.10, 63.70, 0.10, 19.00, 8, 27, 6, 341, 0, 115, 103, 136, 1.04, 0.02, -0.13, 15.59, 15.94, 16.03, 16.16, 16.28, 16.19, 16.19, 16.22, 16.47, 16.28, 15.97, 16.06, 15.88, 15.94, 16.16, 15.84, 9
0.00, 63.70, 0.00, 19.00, -8, 19, 4, 345, 0, 118, 100, 138, 1.04, 0.03, -0.14, 16.06, 16.03, 16.25, 16.47, 16.16, 16.25, 16.50, 16.41, 16.59, 16.47, 16.12, 16.19, 16.06, 15.94, 16.37, 16.37, 9
0.00, 63.70, 0.00, 19.00, 2, 21, -2, 343, 0, 116, 97, 142, 1.04, 0.03, -0.14, 15.88, 16.06, 16.16, 16.25, 16.37, 16.28, 16.25, 16.25, 16.72, 16.28, 15.97, 16.09, 16.06, 15.94, 16.34, 16.09, 9
0.00, 63.70, 0.00, 19.00, 4, 25, -7, 336, 0, 108, 100, 143, 1.04, 0.03, -0.14, 15.59, 15.97, 16.09, 16.34, 16.19, 16.22, 16.19, 16.53, 16.50, 16.25, 16.06, 16.00, 15.78, 15.97, 16.34, 16.22, 9
-0.20, 63.50, 0.00, 19.00, -3, 22, -3, 333, 0, 104, 104, 141, 1.04, 0.03, -0.14, 15.78, 16.00, 16.16, 16.25, 16.25, 16.06, 16.28, 16.47, 16.53, 16.34, 16.00, 16.09, 15.84, 15.97, 16.22, 16.25, 9
0.00, 63.50, 0.00, 19.00, -3, 19, 3, 336, 0, 107, 106, 136, 1.03, 0.03, -0.13, 15.75, 15.91, 16.03, 16.44, 16.28, 16.06, 16.00, 16.50, 16.50, 16.19, 15.97, 16.06, 16.16, 15.78, 16.22, 16.09, 9
0.00, 63.50, 0.00, 19.00, -1, 18, 4, 340, 0, 112, 104, 135, 1.04, 0.02, -0.14, 15.97, 16.06, 16.16, 16.44, 16.25, 16.16, 16.47, 16.69, 16.75, 16.44, 16.09, 16.12, 16.06, 15.94, 16.62, 16.16, 9
-0.10, 63.40, 0.00, 19.00, 2, 20, 5, 345, 0, 118, 99, 139, 1.03, 0.02, -0.14, 15.94, 15.91, 16.25, 16.47, 16.37, 16.37, 16.41, 16.62, 16.69, 16.41, 15.97, 16.16, 15.97, 16.12, 16.53, 16.50, 9
0.00, 63.40, 0.00, 19.00, -1, 19, -3, 342, 0, 116, 97, 142, 1.04, 0.02, -0.14, 15.72, 15.72, 15.88, 16.22, 16.25, 15.91, 16.03, 16.34, 16.34, 16.16, 15.75, 15.91, 15.75, 16.03, 16.19, 15.94, 9
0.00, 63.40, 0.00, 19.00, 2, 21, -4, 338, 0, 111, 99, 143, 1.04, 0.02, -0.13, 15.59, 15.66, 15.84, 15.97, 16.25, 15.63, 16.12, 16.34, 16.22, 16.12, 15.75, 15.81, 15.78, 15.66, 16.09, 15.97, 9
0.00, 63.40, 0.00, 19.00, 3, 24, -3, 335, 0, 107, 102, 143, 1.04, 0.03, -0.14, 15.59, 15.63, 15.78, 16.00, 16.03, 15.69, 15.94, 16.22, 16.31, 15.97, 15.66, 15.63, 15.66, 15.66, 16.09, 15.91, 9
-0.20, 63.20, 0.00, 19.00, -5, 19, -3, 332, 0, 104, 105, 140, 1.04, 0.03, -0.14, 15.09, 15.41, 15.41, 15.47, 15.44, 15.56, 15.81, 15.81, 15.88, 15.63, 15.28, 15.38, 15.25, 15.31, 15.75, 15.53, 9
0.00, 63.20, 0.00, 19.00, 3, 22, 6, 338, 0, 110, 105, 135, 1.04, 0.02, -0.13, 15.38, 15.66, 15.53, 15.69, 15.94, 15.59, 15.81, 16.09, 16.03, 15.81, 15.56, 15.63, 15.59, 15.38, 15.81, 15.88, 9
0.00, 63.20, 0.00, 19.00, -1, 21, 4, 342, 0, 114, 103, 135, 1.04, 0.02, -0.14, 15.59, 15.50, 15.81, 15.91, 15.97, 15.75, 16.06, 16.16, 16.22, 16.12, 15.63, 15.56, 15.72, 15.69, 16.00, 15.81, 9
-0.30, 62.90, -0.10, 18.90, -2, 19, 3, 345, 0, 118, 98, 140, 1.04, 0.02, -0.13, 15.44, 15.63, 15.88, 15.97, 15.91, 15.63, 15.91, 16.09, 16.09, 16.03, 15.66, 15.84, 15.53, 15.50, 16.09, 15.69, 9
0.00, 62.90, 0.00, 18.90, 1, 20, -5, 340, 0, 114, 98, 143, 1.04, 0.03, -0.13, 15.53, 15.78, 15.75, 16.16, 16.06, 16.03, 16.09, 16.47, 16.53, 16.22, 15.78, 15.91, 15.69, 15.84, 16.06, 15.84, 9
0.00, 62.90, 0.00, 18.90, 4, 24, 0, 340, 0, 113, 98, 143, 1.04, 0.03, -0.14, 15.66, 15.84, 16.06, 16.41, 16.12, 15.97, 16.25, 16.50, 16.34, 16.28, 16.12, 16.03, 15.81, 15.84, 16.31, 16.06, 9
0.00, 62.90, 0.10, 19.00, 2, 26, -3, 337, 0, 110, 100, 143, 1.04, 0.03, -0.13, 16.09, 15.88, 16.09, 16.22, 16.31, 16.06, 16.28, 16.37, 16.37, 16.41, 16.22, 15.97, 16.03, 15.88, 16.31, 16.12, 9
-0.10, 62.80, 0.00, 19.00, -4, 22, 0, 337, 0, 109, 99, 143, 1.04, 0.02, -0.13, 15.94, 16.09, 16.22, 16.41, 16.44, 16.37, 16.41, 16.62, 16.62, 16.47, 16.16, 16.16, 16.31, 16.09, 16.31, 16.37, 9
0.00, 62.80, 0.00, 19.00, 4, 26, -3, 334, 0, 105, 104, 142, 1.04, 0.02, -0.14, 15.94, 15.84, 16.09, 16.34, 16.44, 16.16, 16.44, 16.53, 16.62, 16.28, 16.06, 16.16, 16.00, 15.91, 16.56, 16.19, 9
0.00, 62.80, 0.00, 19.00, -4, 22, -1, 333, 0, 104, 107, 139, 1.04, 0.02, -0.13, 15.72, 15.88, 16.06, 16.19, 16.28, 16.12, 16.47, 16.53, 16.56, 16.22, 16.09, 15.94, 16.09, 15.97, 16.31, 16.06, 9
-0.10, 62.70, 0.00, 19.00, 0, 22, 6, 339, 0, 111, 106, 135, 1.04, 0.02, -0.13, 16.25, 16.03, 16.41, 16.53, 16.50, 16.28, 16.37, 16.78, 16.59, 16.53, 16.31, 16.41, 16.22, 16.16, 16.56, 16.37, 9
0.00, 62.70, 0.00, 19.00, 0, 22, 4, 343, 0, 115, 103, 135, 1.04, 0.02, -0.13, 16.00, 15.94, 16.22, 16.25, 16.47, 16.16, 16.44, 16.59, 16.59, 16.47, 16.09, 16.25, 16.03, 16.12, 16.37, 16.12, 9
0.00, 62.70, 0.00, 19.00, 4, 26, 0, 343, 0, 116, 102, 136, 1.04, 0.03, -0.14, 15.81, 15.75, 16.19, 16.28, 16.19, 15.94, 16.41, 16.34, 16.37, 16.25, 16.12, 15.91, 15.91, 16.06, 16.19, 16.09, 9
0.00, 62.70, 0.00, 19.00, 3, 29, 2, 345, 0, 118, 97, 140, 1.04, 0.03, -0.13, 15.78, 15.94, 16.12, 16.19, 16.16, 16.12, 16.12, 16.47, 16.59, 16.12, 15.94, 15.97, 15.91, 16.00, 16.31, 16.06, 9
-0.10, 62.60, 0.00, 19.00, -9, 20, -1, 344, 0, 117, 97, 141, 1.04, 0.03, -0.14, 15.69, 15.91, 16.09, 16.12, 16.22, 15.88, 16.34, 16.53, 16.50, 16.37, 15.78, 16.00, 15.84, 15.84, 16.25, 16.19, 9
0.00, 62.60, 0.00, 19.00, 0, 20, -5, 339, 0, 112, 98, 143, 1.04, 0.02, -0.14, 15.75, 15.88, 16.06, 16.19, 16.16, 15.97, 16.06, 16.41, 16.31, 16.25, 16.00, 15.84, 15.88, 15.88, 16.28, 16.03, 9
0.00, 62.60, 0.00, 19.00, -1, 19, -5, 334, 0, 105, 104, 142, 1.04, 0.03, -0.14, 15.78, 16.00, 16.37, 16.41, 16.41, 16.19, 16.34, 16.56, 16.59, 16.44, 16.03, 16.06, 16.12, 16.06, 16.53, 16.22, 9
-0.30, 62.30, 0.00, 19.00, 1, 20, 1, 335, 0, 105, 107, 138, 1.05, 0.02, -0.14, 15.91, 16.19, 16.28, 16.47, 16.41, 16.12, 16.59, 16.53, 16.56, 16.53, 16.25, 16.12, 16.16, 16.03, 16.47, 16.37, 9
0.00, 62.30, 0.00, 19.00, 4, 24, 5, 340, 0, 111, 105, 135, 1.04, 0.02, -0.15, 16.03, 16.00, 16.34, 16.47, 16.50, 16.47, 16.31, 16.53, 16.53, 16.44, 16.22, 16.44, 16.31, 16.12, 16.34, 16.25, 9
0.00, 62.30, 0.00, 19.00, -1, 23, 5, 345, 0, 118, 100, 137, 1.04, 0.03, -0.14, 16.06, 16.28, 16.56, 16.56, 16.62, 16.47, 16.69, 16.72, 16.81, 16.50, 16.34, 16.47, 16.47, 16.25, 16.56, 16.56, 9
0.00, 62.30, 0.00, 19.00, 10, 33, -3, 342, 0, 115, 98, 143, 1.04, 0.03, -0.14, 15.91, 16.03, 16.16, 16.47, 16.50, 16.28, 16.50, 16.75, 16.62, 16.44, 16.28, 16.16, 16.34, 16.03, 16.50, 16.22, 9
-0.20, 62.10, 0.00, 19.00, -12, 21, -2, 340, 0, 113, 98, 143, 1.03, 0.02, -0.14, 16.09, 16.22, 16.25, 16.50, 16.53, 16.19, 16.41, 16.62, 16.66, 16.44, 16.25, 16.44, 16.12, 16.19, 16.47, 16.25, 9
0.00, 62.10, 0.00, 19.00, 0, 21, -7, 333, 0, 103, 106, 140, 1.04, 0.02, -0.15, 16.31, 16.22, 16.56, 16.69, 16.62, 16.34, 16.69, 16.84, 16.81, 16.75, 16.34, 16.47, 16.37, 16.37, 16.50, 16.66, 9
0.00, 62.10, 0.00, 19.00, 4, 25, 3, 336, 0, 107, 107, 136, 1.04, 0.02, -0.15, 16.22, 16.25, 16.59, 17.03, 16.91, 16.59, 16.66, 16.94, 16.91, 16.69, 16.62, 16.56, 16.41, 16.44, 16.94, 16.62, 9
0.00, 62.10, 0.00, 19.00, -5, 20, 9, 345, 0, 117, 101, 137, 1.04, 0.02, -0.15, 16.37, 16.44, 16.59, 16.94, 16.97, 16.81, 16.72, 17.00, 16.87, 17.03, 16.62, 16.72, 16.56, 16.34, 16.94, 16.75, 9
0.00, 62.10, 0.00, 19.00, 5, 25, 1, 346, 0, 118, 97, 141, 1.03, 0.03, -0.14, 16.37, 16.37, 16.56, 16.87, 16.91, 16.72, 16.94, 17.16, 17.16, 16.78, 16.62, 16.62, 16.47, 16.50, 17.09, 16.66, 9
0.00, 62.10, 0.00, 19.00, -2, 23, -6, 340, 0, 112, 99, 143, 1.04, 0.02, -0.14, 16.41, 16.25, 16.41, 16.69, 16.56, 16.41, 16.69, 16.87, 16.87, 16.72, 16.31, 16.53, 16.37, 16.41, 16.59, 16.47, 9
0.00, 62.10, 0.00, 19.00, 3, 26, -7, 333, 0, 103, 106, 140, 1.04, 0.02, -0.14, 16.12, 16.12, 16.28, 16.41, 16.47, 16.28, 16.41, 16.75, 16.56, 16.50, 16.09, 16.09, 16.19, 16.37, 16.66, 16.37, 9
-0.10, 62.00, 0.00, 19.00, -4, 22, 3, 336, 0, 106, 107, 137, 1.04, 0.02, -0.14, 16.00, 16.16, 16.31, 16.34, 16.53, 16.34, 16.34, 16.78, 16.66, 16.50, 16.12, 16.41, 16.09, 16.12, 16.50, 16.41, 9
0.00, 62.00, 0.00, 19.00, 0, 22, 5, 341, 0, 115, 104, 135, 1.05, 0.03, -0.13, 15.72, 15.78, 16.06, 16.41, 16.56, 15.97, 16.31, 16.47, 16.41, 16.19, 16.03, 16.03, 15.94, 16.09, 16.37, 16.22, 9
0.00, 62.00, 0.00, 19.00, -2, 20, 5, 346, 0, 117, 101, 137, 1.04, 0.02, -0.13, 15.84, 15.84, 15.97, 16.34, 16.37, 16.09, 16.37, 16.59, 16.50, 16.19, 16.09, 16.03, 16.00, 15.88, 16.44, 16.31, 9
-0.20, 61.80, 0.00, 19.00, 6, 26, -5, 341, 0, 113, 98, 143, 1.04, 0.03, -0.14, 15.84, 15.97, 16.22, 16.28, 16.28, 16.03, 16.25, 16.72, 16.50, 16.31, 16.00, 16.12, 15.97, 16.06, 16.47, 16.16, 9
0.00, 61.80, 0.00, 19.00, -4, 22, -5, 336, 0, 106, 102, 143, 1.05, 0.03, -0.14, 15.84, 16.03, 16.09, 16.41, 16.34, 16.06, 16.41, 16.56, 16.47, 16.34, 16.16, 16.03, 16.09, 16.09, 16.41, 16.16, 9
0.00, 61.80, 0.00, 19.00, 0, 22, -3, 333, 0, 103, 107, 139, 1.05, 0.03, -0.14, 15.72, 15.84, 16.03, 16.19, 16.19, 15.97, 16.25, 16.50, 16.44, 16.25, 15.88, 15.94, 15.84, 15.97, 16.16, 16.22, 9
0.00, 61.80, 0.00, 19.00, 8, 30, 7, 340, 0, 112, 105, 136, 1.04, 0.02, -0.14, 15.59, 15.66, 15.91, 16.09, 16.25, 15.81, 16.22, 16.50, 16.22, 16.31, 15.94, 15.94, 15.75, 15.81, 16.09, 15.97, 9
-0.10, 61.70, 0.00, 19.00, -7, 23, 6, 346, 0, 117, 101, 137, 1.04, 0.03, -0.14, 15.50, 15.56, 15.78, 15.69, 16.00, 15.63, 16.06, 16.34, 16.06, 15.94, 15.81, 15.78, 15.63, 15.53, 15.91, 15.91, 9
0.00, 61.70, 0.00, 19.00, -4, 19, -1, 345, 0, 117, 97, 141, 1.04, 0.03, -0.13, 15.44, 15.53, 15.47, 15.94, 15.81, 15.69, 15.72, 16.25, 16.12, 16.00, 15.50, 15.69, 15.44, 15.56, 15.75, 15.78, 9
0.00, 61.70, 0.00, 19.00, 2, 21, -5, 340, 0, 111, 99, 143, 1.04, 0.02, -0.13, 15.53, 15.56, 15.78, 15.81, 15.81, 15.69, 15.94, 16.09, 16.25, 16.12, 15.59, 15.66, 15.47, 15.50, 15.84, 15.78, 9
-0.10, 61.60, 0.00, 19.00, -1, 20, -5, 335, 0, 105, 103, 143, 1.04, 0.03, -0.14, 15.50, 15.34, 15.56, 15.84, 15.88, 15.56, 15.72, 16.03, 16.16, 15.94, 15.44, 15.53, 15.34, 15.53, 15.91, 15.59, 9
0.00, 61.60, 0.00, 19.00, -1, 19, 2, 337, 0, 107, 107, 136, 1.04, 0.02, -0.13, 15.31, 15.03, 15.47, 15.69, 15.75, 15.81, 15.66, 16.00, 16.03, 15.44, 15.41, 15.47, 15.38, 15.53, 15.88, 15.59, 9
0.00, 61.60, 0.00, 19.00, 4, 23, 6, 343, 0, 115, 103, 136, 1.04, 0.02, -0.14, 15.28, 15.44, 15.47, 15.72, 15.84, 15.69, 15.66, 15.97, 16.06, 15.91, 15.44, 15.41, 15.41, 15.28, 15.88, 15.69, 9
0.00, 61.60, 0.00, 19.00, 4, 27, 2, 345, 0, 117, 97, 142, 1.04, 0.01, -0.14, 15.41, 15.53, 15.66, 15.88, 16.00, 15.66, 16.06, 16.22, 16.22, 15.97, 15.69, 15.59, 15.63, 15.53, 16.03, 15.75, 9
-0.10, 61.50, 0.00, 19.00, -4, 23, -6, 339, 0, 110, 99, 143, 1.05, 0.03, -0.14, 15.31, 15.53, 15.75, 15.94, 15.84, 15.72, 15.88, 16.03, 16.16, 15.72, 15.66, 15.63, 15.41, 15.59, 16.06, 15.78, 9
0.00, 61.50, 0.00, 19.00, 0, 23, -4, 335, 0, 104, 104, 142, 1.04, 0.03, -0.14, 15.59, 15.63, 15.75, 15.84, 16.00, 15.81, 15.97, 16.03, 16.22, 15.94, 15.66, 15.78, 15.72, 15.44, 16.09, 15.78, 9
0.00, 61.50, 0.00, 19.00, -4, 19, 1, 336, 0, 105, 107, 137, 1.04, 0.03, -0.13, 15.31, 15.50, 15.63, 15.91, 15.81, 15.56, 15.91, 16.19, 16.12, 16.00, 15.47, 15.50, 15.47, 15.50, 16.00, 15.75, 9
0.00, 61.50, 0.00, 19.00, 2, 21, 8, 344, 0, 115, 103, 136, 1.04, 0.02, -0.13, 15.50, 15.66, 15.91, 15.94, 16.16, 15.91, 15.97, 16.25, 16.16, 16.06, 15.66, 15.84, 15.88, 15.53, 16.16, 16.00, 9
0.00, 61.50, 0.00, 19.00, -2, 19, 3, 347, 0, 118, 99, 139, 1.04, 0.02, -0.14, 15.78, 15.75, 15.81, 16.28, 16.03, 15.94, 16.12, 16.25, 16.37, 16.12, 15.75, 16.03, 15.81, 15.63, 16.25, 16.00, 9
0.00, 61.50, 0.00, 19.00, 2, 21, -4, 343, 0, 114, 97, 143, 1.05, 0.02, -0.13, 15.75, 15.88, 15.97, 16.19, 16.16, 16.06, 16.19, 16.44, 16.41, 16.12, 15.94, 16.03, 15.94, 15.88, 16.25, 16.06, 9
0.00, 61.50, 0.00, 19.00, 2, 23, -8, 335, 0, 104, 104, 142, 1.04, 0.03, -0.13, 15.72, 15.91, 16.19, 16.22, 16.41, 16.22, 16.53, 16.59, 16.44, 16.31, 16.09, 16.28, 16.00, 16.03, 16.50, 16.12, 9
-0.20, 61.30, 0.00, 19.00, 0, 23, 0, 335, 0, 104, 107, 137, 1.03, 0.03, -0.14, 16.06, 16.03, 16.34, 16.53, 16.53, 16.28, 16.66, 16.72, 16.53, 16.62, 16.25, 16.34, 16.25, 16.03, 16.69, 16.44, 9
0.00, 61.30, 0.00, 19.00, -2, 21, 1, 336, 0, 105, 108, 137, 1.03, 0.04, -0.14, 15.97, 16.09, 16.12, 16.50, 16.47, 16.09, 16.47, 16.69, 16.62, 16.44, 16.19, 16.16, 16.03, 16.09, 16.53, 16.34, 9
0.00, 61.30, 0.00, 19.00, 1, 22, 5, 341, 0, 112, 106, 135, 1.04, 0.03, -0.13, 15.84, 16.03, 16.12, 16.28, 16.28, 16.22, 16.00, 16.56, 16.37, 16.31, 15.97, 16.12, 15.91, 16.03, 16.59, 16.03, 9
0.00, 61.30, 0.00, 19.00, 0, 22, 3, 344, 0, 115, 104, 135, 1.04, 0.02, -0.14, 15.66, 15.94, 15.91, 16.25, 16.37, 16.00, 16.12, 16.50, 16.44, 16.41, 15.97, 15.91, 15.81, 15.84, 16.50, 15.88, 9
0.00, 61.30, 0.00, 19.00, 1, 23, 4, 348, 0, 118, 99, 139, 1.05, 0.02, -0.14, 15.69, 15.72, 15.91, 16.09, 16.28, 15.81, 16.00, 16.50, 16.09, 16.03, 15.94, 15.88, 15.81, 15.66, 16.37, 16.22, 9
0.00, 61.30, 0.00, 19.00, -3, 20, 0, 348, 0, 119, 99, 139, 1.04, 0.02, -0.13, 15.75, 15.94, 15.81, 16.12, 16.22, 15.94, 16.19, 16.37, 16.31, 16.19, 15.88, 15.88, 15.75, 15.75, 16.37, 16.22, 9
0.00, 61.30, 0.00, 19.00, 8, 28, -7, 341, 0, 112, 98, 143, 1.05, 0.03, -0.14, 15.66, 15.81, 15.97, 16.22, 16.28, 16.00, 16.09, 16.41, 16.34, 16.19, 15.84, 15.97, 16.00, 15.88, 16.19, 16.03, 9
0.00, 61.30, 0.00, 19.00, -3, 25, -4, 337, 0, 105, 102, 143, 1.04, 0.03, -0.14, 15.94, 16.00, 16.22, 16.44, 16.53, 16.25, 16.34, 16.50, 16.47, 16.41, 16.31, 16.28, 16.09, 15.97, 16.37, 16.31, 9
0.00, 61.30, 0.00, 19.00, -6, 19, 0, 337, 0, 106, 108, 136, 1.04, 0.03, -0.13, 16.03, 16.06, 16.16, 16.56, 16.53, 16.19, 16.34, 16.66, 16.69, 16.25, 16.25, 16.31, 16.06, 16.06, 16.59, 16.31, 9
0.00, 61.30, 0.00, 19.00, 5, 24, 4, 341, 0, 111, 105, 136, 1.04, 0.03, -0.14, 16.03, 15.94, 16.16, 16.47, 16.53, 16.37, 16.19, 16.53, 16.47, 16.41, 16.22, 16.25, 16.25, 16.03, 16.47, 16.12, 9
-0.10, 61.20, 0.00, 19.00, -3, 21, -1, 340, 0, 110, 106, 135, 1.04, 0.02, -0.14, 16.34, 16.16, 16.28, 16.75, 16.69, 16.37, 16.31, 16.78, 16.72, 16.62, 16.37, 16.31, 16.28, 16.25, 16.69, 16.44, 9
0.00, 61.20, 0.00, 19.00, -1, 20, 8, 348, 0, 118, 100, 138, 1.05, 0.03, -0.13, 16.06, 16.19, 16.22, 16.56, 16.53, 16.25, 16.44, 16.69, 16.69, 16.44, 16.31, 16.28, 16.19, 16.03, 16.75, 16.25, 9
0.00, 61.20, 0.00, 19.00, 1, 21, -2, 346, 0, 117, 97, 142, 1.04, 0.03, -0.13, 15.84, 16.00, 16.06, 16.28, 16.37, 16.09, 16.37, 16.50, 16.66, 16.22, 16.03, 16.16, 15.97, 16.00, 16.28, 16.22, 9
0.00, 61.20, 0.00, 19.00, 3, 24, -3, 343, 0, 114, 97, 143, 1.04, 0.02, -0.14, 15.81, 15.78, 16.00, 16.12, 16.12, 15.81, 16.03, 16.44, 16.44, 16.12, 15.81, 15.91, 15.69, 15.88, 16.25, 16.03, 9
-0.10, 61.10, 0.00, 19.00, -2, 22, -5, 338, 0, 107, 101, 143, 1.03, 0.02, -0.13, 15.41, 15.44, 15.53, 15.97, 15.84, 15.59, 15.84, 16.00, 16.03, 15.91, 15.34, 15.59, 15.63, 15.38, 16.06, 15.69, 9
0.00, 61.10, 0.00, 19.00, 3, 25, -2, 336, 0, 105, 108, 137, 1.04, 0.03, -0.14, 15.56, 15.50, 15.59, 15.91, 16.00, 15.84, 15.88, 16.22, 16.22, 15.94, 15.53, 15.66, 15.47, 15.66, 16.16, 15.88, 9
0.00, 61.10, 0.00, 19.00, 2, 27, 4, 340, 0, 109, 106, 135, 1.04, 0.02, -0.13, 15.53, 15.72, 15.81, 16.06, 16.12, 15.94, 16.06, 16.31, 16.41, 16.12, 15.91, 15.81, 15.75, 15.63, 16.06, 15.88, 9
0.00, 61.10, 0.00, 19.00, -6, 21, 4, 344, 0, 114, 104, 136, 1.04, 0.03, -0.14, 15.50, 15.50, 15.78, 15.81, 15.88, 15.78, 15.94, 16.44, 16.16, 16.00, 15.75, 15.56, 15.72, 15.41, 16.12, 15.91, 9
0.00, 61.10, 0.00, 19.00, 1, 22, 4, 348, 0, 119, 100, 137, 1.04, 0.02, -0.13, 15.69, 15.72, 15.81, 16.09, 16.06, 15.94, 16.09, 16.22, 16.28, 16.12, 15.78, 15.88, 15.81, 15.66, 16.28, 15.81, 9
0.00, 61.10, 0.00, 19.00, 1, 23, -1, 347, 0, 117, 97, 142, 1.04, 0.03, -0.13, 15.63, 15.69, 15.91, 16.12, 16.06, 16.06, 16.00, 16.19, 16.28, 16.06, 15.72, 15.81, 15.72, 15.81, 16.22, 16.03, 9
0.00, 61.10, 0.00, 19.00, 5, 28, -3, 344, 0, 114, 97, 143, 1.04, 0.02, -0.14, 15.44, 15.38, 15.53, 15.78, 15.72, 15.53, 15.75, 16.00, 16.31, 15.72, 15.38, 15.31, 15.50, 15.53, 15.75, 15.63, 9
-0.10, 61.00, 0.00, 19.00, -7, 21, -5, 339, 0, 108, 101, 144, 1.05, 0.01, -0.14, 15.69, 15.63, 15.78, 15.97, 15.94, 15.78, 16.12, 16.16, 16.25, 16.09, 15.69, 15.53, 15.66, 15.56, 16.19, 16.09, 9
0.00, 61.00, 0.00, 19.00, 1, 22, -3, 336, 0, 104, 107, 138, 1.04, 0.02, -0.14, 15.31, 15.56, 15.72, 15.94, 15.97, 15.66, 15.81, 15.94, 16.09, 15.81, 15.63, 15.72, 15.47, 15.56, 15.78, 15.84, 9
0.00, 61.00, 0.00, 19.00, 1, 23, 0, 336, 0, 104, 107, 138, 1.04, 0.02, -0.13, 15.09, 15.47, 15.81, 15.72, 15.72, 15.66, 15.88, 16.03, 16.19, 15.81, 15.50, 15.44, 15.50, 15.41, 15.84, 15.69, 9
-0.10, 60.90, 0.00, 19.00, 0, 23, 3, 339, 0, 107, 107, 135, 1.04, 0.03, -0.14, 15.63, 15.56, 15.75, 16.06, 16.22, 15.84, 16.12, 16.53, 16.31, 15.97, 15.94, 15.84, 15.75, 15.63, 16.44, 15.84, 9
0.00, 60.90, 0.00, 19.00, 4, 27, 4, 343, 0, 114, 104, 136, 1.04, 0.02, -0.13, 15.72, 15.78, 16.03, 16.37, 16.31, 16.22, 16.25, 16.50, 16.50, 16.16, 16.09, 15.81, 16.00, 16.03, 16.47, 16.12, 9
0.00, 60.90, 0.00, 19.00, -5, 22, 5, 348, 0, 118, 101, 138, 1.05, 0.02, -0.14, 15.75, 15.81, 16.16, 16.34, 16.41, 16.25, 16.28, 16.69, 16.62, 16.44, 16.16, 16.09, 15.88, 15.97, 16.41, 16.12, 9
0.00, 60.90, 0.00, 19.00, 2, 24, -3, 345, 0, 117, 97, 142, 1.04, 0.02, -0.13, 15.81, 15.78, 15.81, 16.22, 16.37, 16.12, 16.34, 16.28, 16.28, 16.22, 15.88, 16.06, 15.97, 16.00, 16.12, 16.22, 9
-0.10, 60.80, 0.00, 19.00, 1, 25, -4, 341, 0, 110, 99, 143, 1.04, 0.03, -0.13, 15.50, 15.72, 15.88, 16.12, 16.22, 15.75, 16.19, 16.16, 16.31, 15.91, 15.72, 16.03, 15.69, 15.72, 16.19, 15.97, 9
0.00, 60.80, 0.00, 19.00, -2, 23, -4, 337, 0, 104, 104, 142, 1.04, 0.03, -0.13, 15.56, 15.56, 15.56, 15.88, 15.84, 15.63, 15.78, 16.25, 16.19, 15.88, 15.53, 15.56, 15.44, 15.44, 16.09, 15.94, 9
0.00, 60.80, 0.00, 19.00, -1, 22, -2, 335, 0, 103, 106, 139, 1.05, 0.02, -0.13, 15.47, 15.50, 15.44, 15.78, 15.94, 15.56, 15.81, 16.16, 16.22, 15.72, 15.59, 15.56, 15.50, 15.44, 15.88, 15.75, 9
-0.10, 60.70, 0.00, 19.00, -1, 21, 6, 341, 0, 111, 105, 135, 1.04, 0.02, -0.13, 15.44, 15.38, 15.56, 15.91, 15.75, 15.66, 15.91, 16.16, 16.16, 15.66, 15.53, 15.44, 15.56, 15.47, 16.09, 15.84, 9
0.00, 60.70, 0.00, 19.00, 5, 26, 1, 342, 0, 110, 106, 136, 1.04, 0.03, -0.13, 15.25, 15.34, 15.50, 15.81, 15.78, 15.63, 15.88, 16.19, 16.03, 15.81, 15.59, 15.47, 15.38, 15.56, 15.72, 15.81, 9
0.00, 60.70, 0.00, 19.00, -6, 20, 4, 346, 0, 117, 102, 136, 1.04, 0.02, -0.15, 15.41, 15.53, 15.50, 15.94, 16.03, 15.69, 16.03, 16.06, 16.22, 15.69, 15.63, 15.63, 15.56, 15.63, 16.12, 15.72, 9
0.00, 60.70, 0.00, 19.00, 5, 25, 2, 348, 0, 118, 97, 141, 1.04, 0.03, -0.13, 15.19, 15.31, 15.56, 15.84, 15.69, 15.72, 15.84, 16.00, 16.09, 15.88, 15.50, 15.56, 15.22, 15.47, 15.94, 15.50, 9
-0.10, 60.60, 0.00, 19.00, -2, 23, -5, 343, 0, 113, 98, 143, 1.04, 0.02, -0.13, 15.25, 15.38, 15.44, 15.72, 15.69, 15.63, 15.84, 16.03, 16.09, 15.66, 15.44, 15.53, 15.41, 15.34, 15.78, 15.72, 9
0.00, 60.60, 0.00, 19.00, -3, 20, -4, 339, 0, 108, 101, 143, 1.04, 0.03, -0.14, 15.25, 15.53, 15.47, 15.88, 15.78, 15.69, 15.81, 16.28, 16.19, 15.72, 15.66, 15.56, 15.63, 15.50, 15.84, 15.59, 9
0.00, 60.60, 0.00, 19.00, -2, 18, 0, 339, 0, 106, 102, 143, 1.04, 0.03, -0.13, 15.41, 15.44, 15.75, 15.97, 15.72, 15.69, 15.91, 16.25, 16.03, 15.97, 15.63, 15.66, 15.53, 15.59, 16.00, 15.72, 9
-0.10, 60.50, 0.00, 19.00, 1, 19, -3, 336, 0, 104, 107, 138, 1.04, 0.03, -0.13, 15.28, 15.22, 15.53, 15.94, 15.66, 15.50, 15.81, 15.97, 16.03, 15.84, 15.31, 15.53, 15.41, 15.28, 15.81, 15.69, 9
0.00, 60.50, 0.00, 19.00, 8, 27, 0, 336, 0, 104, 107, 138, 1.04, 0.02, -0.13, 15.38, 15.31, 15.53, 15.88, 15.84, 15.81, 15.88, 16.22, 15.97, 15.88, 15.53, 15.53, 15.66, 15.41, 16.09, 15.78, 9
0.00, 60.50, 0.00, 19.00, -8, 19, 4, 340, 0, 108, 107, 137, 1.04, 0.02, -0.14, 15.44, 15.41, 15.81, 15.97, 16.06, 15.81, 15.88, 16.22, 16.31, 16.00, 15.56, 15.75, 15.53, 15.56, 15.97, 15.91, 9
0.00, 60.50, 0.00, 19.00, 9, 28, 2, 342, 0, 111, 105, 135, 1.04, 0.02, -0.13, 15.56, 15.53, 15.84, 16.31, 16.12, 15.84, 16.06, 16.50, 16.31, 16.12, 15.84, 15.81, 15.69, 15.63, 16.44, 15.94, 9
-0.10, 60.40, 0.00, 19.00, -4, 24, 4, 346, 0, 116, 103, 136, 1.04, 0.02, -0.14, 15.28, 15.38, 15.56, 15.72, 15.88, 15.72, 15.97, 15.78, 16.12, 15.84, 15.44, 15.59, 15.25, 15.44, 16.00, 15.59, 9
0.00, 60.40, 0.00, 19.00, -2, 22, 3, 349, 0, 118, 99, 139, 1.04, 0.02, -0.13, 15.25, 15.25, 15.66, 15.78, 15.81, 15.72, 15.81, 16.09, 16.06, 15.69, 15.50, 15.47, 15.47, 15.50, 15.88, 15.81, 9
0.00, 60.40, 0.00, 19.00, 3, 25, -1, 348, 0, 118, 97, 141, 1.04, 0.02, -0.13, 15.66, 15.78, 15.81, 16.03, 15.75, 15.75, 15.97, 16.16, 16.19, 16.03, 15.69, 15.63, 15.75, 15.59, 16.16, 15.88, 9
-0.10, 60.30, 0.00, 19.00, -3, 22, -7, 341, 0, 109, 99, 143, 1.04, 0.03, -0.13, 15.56, 15.66, 15.75, 16.03, 16.06, 15.69, 16.06, 16.09, 16.06, 16.12, 15.66, 15.66, 15.69, 15.78, 16.00, 15.94, 9
0.00, 60.30, 0.00, 19.00, 1, 23, -4, 337, 0, 104, 104, 142, 1.05, 0.02, -0.13, 15.84, 15.81, 16.00, 16.06, 16.28, 15.88, 16.06, 16.28, 16.19, 16.19, 15.91, 15.94, 15.94, 15.81, 16.34, 15.91, 9
0.00, 60.30, 0.00, 19.00, 1, 24, -1, 336, 0, 104, 107, 139, 1.04, 0.02, -0.13, 15.66, 15.59, 15.66, 15.94, 16.09, 15.72, 16.00, 16.25, 16.31, 15.97, 15.72, 15.72, 15.59, 15.78, 16.03, 15.78, 9
0.00, 60.30, 0.00, 19.00, -2, 22, 2, 338, 0, 105, 107, 137, 1.04, 0.02, -0.14, 15.44, 15.72, 15.84, 16.25, 16.06, 15.97, 16.09, 16.28, 16.37, 16.16, 15.75, 15.66, 15.69, 15.78, 16.19, 16.06, 9
-0.10, 60.20, 0.00, 19.00, -1, 21, 4, 342, 0, 109, 106, 136, 1.04, 0.03, -0.13, 15.63, 15.69, 15.97, 16.12, 16.22, 15.91, 16.12, 16.37, 16.28, 16.12, 15.81, 15.75, 15.78, 15.72, 16.34, 16.22, 9
0.00, 60.20, 0.00, 19.00, 0, 21, 4, 346, 0, 116, 103, 136, 1.05, 0.02, -0.13, 15.63, 15.94, 16.00, 16.22, 16.22, 16.12, 16.22, 16.50, 16.37, 16.25, 15.97, 15.91, 15.94, 15.81, 16.37, 16.22, 9
0.00, 60.20, 0.00, 19.00, 0, 21, 4, 350, 0, 119, 100, 138, 1.04, 0.03, -0.13, 15.75, 15.91, 15.88, 16.09, 16.09, 15.91, 16.16, 16.25, 16.09, 16.28, 15.78, 15.75, 15.88, 15.81, 16.34, 16.09, 9
-0.10, 60.10, 0.00, 19.00, 1, 22, 0, 350, 0, 118, 97, 140, 1.04, 0.03, -0.13, 15.66, 15.63, 15.94, 16.12, 16.09, 15.91, 15.97, 16.12, 16.37, 15.94, 15.81, 15.78, 15.66, 15.69, 16.25, 15.94, 9
0.00, 60.10, 0.00, 19.00, 0, 22, -4, 346, 0, 115, 97, 143, 1.04, 0.02, -0.13, 15.38, 15.47, 15.66, 16.03, 15.81, 15.81, 15.91, 16.31, 16.16, 15.91, 15.56, 15.63, 15.59, 15.53, 16.19, 15.81, 9
0.00, 60.10, 0.00, 19.00, -1, 21, -4, 342, 0, 109, 99, 144, 1.04, 0.03, -0.13, 15.16, 15.59, 15.75, 15.69, 15.81, 15.72, 15.81, 16.12, 16.12, 15.81, 15.63, 15.50, 15.53, 15.50, 15.94, 15.63, 9
0.00, 60.10, 0.00, 19.00, 5, 26, -5, 337, 0, 103, 106, 140, 1.04, 0.03, -0.14, 15.50, 15.53, 15.53, 16.03, 15.78, 15.81, 16.12, 16.28, 15.94, 15.91, 15.66, 15.63, 15.75, 15.78, 16.06, 15.88, 9
0.00, 60.10, 0.00, 19.00, -6, 20, 1, 338, 0, 105, 107, 138, 1.04, 0.02, -0.13, 15.53, 15.72, 15.69, 15.94, 15.81, 15.97, 16.09, 16.37, 16.22, 16.12, 15.69, 15.72, 15.47, 15.72, 16.06, 16.12, 9
0.00, 60.10, 0.00, 19.00, -1, 19, 5, 343, 0, 109, 106, 136, 1.04, 0.03, -0.14, 15.28, 15.34, 15.44, 15.84, 15.78, 15.66, 15.66, 15.91, 16.03, 15.88, 15.38, 15.50, 15.41, 15.34, 15.75, 15.63, 9
0.00, 60.10, 0.00, 19.00, 4, 23, 3, 346, 0, 115, 104, 136, 1.05, 0.03, -0.14, 15.28, 15.25, 15.50, 15.72, 15.81, 15.69, 15.81, 16.09, 15.94, 15.81, 15.44, 15.50, 15.38, 15.38, 16.12, 15.59, 9
-0.10, 60.00, 0.00, 19.00, -1, 22, 3, 349, 0, 118, 101, 136, 1.04, 0.03, -0.13, 15.25, 15.38, 15.47, 15.78, 15.66, 15.78, 15.84, 16.28, 16.03, 15.75, 15.41, 15.56, 15.38, 15.53, 16.00, 15.78, 9
0.00, 60.00, 0.00, 19.00, -1, 21, 1, 350, 0, 118, 98, 140, 1.04, 0.03, -0.13, 15.22, 15.38, 15.53, 15.81, 15.94, 15.63, 15.88, 16.28, 16.28, 15.78, 15.66, 15.63, 15.44, 15.53, 15.75, 15.59, 9
0.00, 60.00, 0.00, 19.00, 10, 31, 0, 350, 0, 119, 98, 140, 1.04, 0.03, -0.13, 15.38, 15.56, 15.88, 15.97, 15.94, 15.78, 16.09, 16.41, 16.03, 16.06, 15.78, 15.75, 15.78, 15.66, 16.06, 15.88, 9
0.00, 60.00, 0.00, 19.00, -6, 25, -6, 344, 0, 112, 98, 143, 1.05, 0.02, -0.13, 15.25, 15.56, 15.78, 16.03, 16.00, 15.75, 15.91, 16.06, 16.09, 15.97, 15.53, 15.75, 15.69, 15.59, 16.06, 15.66, 9
-0.10, 59.90, 0.00, 19.00, -5, 20, 0, 344, 0, 112, 98, 143, 1.04, 0.02, -0.13, 15.53, 15.59, 15.75, 16.19, 16.06, 15.75, 15.69, 16.31, 16.06, 16.16, 15.69, 15.75, 15.66, 15.59, 16.19, 15.78, 9
0.00, 59.90, 0.00, 19.00, -2, 18, -4, 340, 0, 107, 102, 143, 1.03, 0.02, -0.14, 15.59, 15.50, 15.97, 16.22, 16.12, 15.84, 16.12, 16.28, 16.19, 16.12, 15.75, 15.72, 15.81, 15.91, 16.25, 15.91, 9
0.00, 59.90, 0.00, 19.00, 4, 22, -3, 337, 0, 103, 105, 140, 1.04, 0.03, -0.13, 15.72, 15.78, 15.94, 16.19, 16.09, 15.91, 16.09, 16.34, 16.47, 16.06, 15.91, 15.88, 15.78, 15.63, 16.34, 16.00, 9
-0.10, 59.80, 0.00, 19.00, -4, 18, 4, 341, 0, 108, 106, 136, 1.05, 0.02, -0.14, 15.81, 15.97, 15.94, 16.34, 16.47, 16.09, 16.47, 16.66, 16.50, 16.37, 16.06, 15.97, 15.91, 16.03, 16.50, 16.41, 9
0.00, 59.80, 0.00, 19.00, 1, 19, 5, 346, 0, 114, 104, 136, 1.04, 0.02, -0.14, 16.16, 16.00, 16.19, 16.56, 16.44, 16.44, 16.37, 16.44, 16.78, 16.59, 16.09, 16.16, 16.12, 15.97, 16.75, 16.12, 9
0.00, 59.80, 0.00, 19.00, 1, 20, 0, 346, 0, 114, 104, 136, 1.05, 0.02, -0.14, 15.91, 15.97, 16.00, 16.50, 16.53, 16.25, 16.69, 16.69, 16.50, 16.50, 16.25, 16.34, 16.12, 15.94, 16.53, 16.34, 9
0.00, 59.80, 0.00, 19.00, 10, 30, 5, 351, 0, 118, 99, 139, 1.04, 0.03, -0.13, 15.41, 15.75, 15.97, 16.22, 16.12, 15.91, 16.00, 16.41, 16.31, 16.03, 15.75, 15.91, 15.75, 15.69, 16.37, 15.97, 9
0.00, 59.80, 0.00, 19.00, -9, 21, 0, 351, 0, 118, 98, 139, 1.05, 0.03, -0.13, 15.56, 15.41, 15.69, 15.97, 15.91, 15.75, 16.09, 16.22, 16.25, 15.91, 15.72, 15.56, 15.63, 15.63, 15.88, 16.03, 9
0.00, 59.80, 0.00, 19.00, 1, 22, -3, 348, 0, 116, 97, 142, 1.04, 0.02, -0.14, 15.47, 15.47, 15.56, 15.88, 15.94, 15.72, 15.84, 16.16, 16.16, 15.88, 15.63, 15.75, 15.44, 15.53, 16.06, 15.59, 9
0.00, 59.80, 0.00, 19.00, 0, 22, -5, 343, 0, 110, 99, 143, 1.04, 0.03, -0.14, 15.31, 15.50, 15.72, 15.97, 15.91, 15.59, 16.09, 16.34, 16.19, 15.88, 15.75, 15.66, 15.44, 15.53, 16.31, 15.69, 9
-0.10, 59.70, 0.00, 19.00, -3, 19, -5, 338, 0, 103, 106, 140, 1.05, 0.03, -0.14, 15.47, 15.50, 15.66, 16.00, 16.16, 15.69, 16.25, 16.44, 16.22, 16.06, 15.56, 15.69, 15.69, 15.63, 16.31, 16.00, 9
0.00, 59.70, 0.00, 19.00, 5, 24, 5, 343, 0, 111, 106, 135, 1.04, 0.02, -0.13, 15.25, 15.47, 15.53, 16.00, 15.97, 15.81, 15.94, 16.22, 16.25, 15.91, 15.63, 15.53, 15.44, 15.59, 16.06, 15.78, 9
0.00, 59.70, 0.00, 19.00, -3, 21, 5, 348, 0, 115, 103, 136, 1.04, 0.02, -0.14, 15.34, 15.50, 15.66, 15.97, 16.06, 15.81, 15.66, 16.03, 16.19, 15.84, 15.53, 15.63, 15.50, 15.44, 16.12, 15.78, 9
0.00, 59.70, 0.00, 19.00, 2, 23, 2, 350, 0, 118, 98, 140, 1.04, 0.03, -0.13, 15.56, 15.50, 15.75, 16.00, 16.16, 15.78, 16.19, 16.22, 16.09, 15.97, 15.78, 15.72, 15.72, 15.72, 16.25, 15.91, 9
0.00, 59.70, 0.00, 19.00, 1, 24, 0, 350, 0, 119, 98, 140, 1.04, 0.02, -0.14, 15.31, 15.78, 15.78, 16.03, 16.06, 15.91, 16.00, 16.37, 16.25, 16.12, 15.78, 15.81, 15.66, 15.69, 16.12, 15.81, 9
0.00, 59.70, 0.00, 19.00, -3, 21, -4, 346, 0, 114, 97, 143, 1.04, 0.03, -0.14, 15.81, 15.84, 15.94, 16.31, 16.41, 16.06, 16.06, 16.50, 16.50, 16.16, 15.94, 16.00, 15.94, 15.78, 16.50, 16.12, 9
0.00, 59.70, 0.00, 19.00, -1, 20, -5, 341, 0, 108, 100, 143, 1.03, 0.02, -0.14, 15.88, 15.75, 16.12, 16.19, 16.34, 15.81, 16.44, 16.41, 16.56, 16.16, 15.78, 15.94, 15.97, 15.97, 16.47, 16.09, 9
-0.10, 59.60, 0.00, 19.00, -2, 18, -3, 338, 0, 103, 107, 139, 1.04, 0.03, -0.13, 15.59, 15.59, 15.81, 16.06, 15.97, 15.63, 16.06, 16.31, 16.28, 15.75, 15.72, 15.66, 15.72, 15.56, 16.28, 16.06, 9
0.00, 59.60, 0.00, 19.00, 2, 20, 7, 345, 0, 111, 106, 135, 1.04, 0.02, -0.14, 15.47, 15.69, 15.75, 16.09, 16.19, 15.97, 16.09, 16.25, 16.34, 16.03, 15.78, 15.59, 15.94, 15.56, 16.19, 16.06, 9
0.00, 59.60, 0.00, 19.00, 6, 26, 5, 350, 0, 118, 101, 137, 1.04, 0.03, -0.13, 15.63, 15.88, 16.03, 16.31, 16.25, 16.16, 16.41, 16.34, 16.41, 16.19, 16.03, 15.91, 15.91, 15.88, 16.41, 16.28, 9
0.00, 59.60, 0.00, 19.00, 2, 28, 1, 351, 0, 118, 99, 139, 1.04, 0.03, -0.13, 15.75, 15.88, 16.09, 16.16, 16.28, 16.06, 16.19, 16.41, 16.41, 16.16, 16.00, 16.06, 15.88, 15.94, 16.25, 16.12, 9
0.00, 59.60, 0.00, 19.00, -5, 23, -3, 348, 0, 116, 96, 143, 1.04, 0.02, -0.13, 15.75, 15.78, 16.16, 16.31, 16.37, 16.22, 16.41, 16.53, 16.56, 16.19, 16.16, 15.91, 15.94, 15.97, 16.56, 16.25, 9
0.00, 59.60, 0.00, 19.00, 4, 27, -4, 344, 0, 111, 99, 144, 1.05, 0.02, -0.13, 15.81, 15.84, 16.16, 16.47, 16.41, 16.12, 16.47, 16.62, 16.59, 16.22, 16.12, 16.03, 16.16, 16.09, 16.72, 15.97, 9
0.00, 59.60, 0.00, 19.00, -8, 19, -5, 339, 0, 105, 104, 142, 1.04, 0.03, -0.14, 15.75, 15.97, 15.94, 16.25, 16.25, 16.16, 16.28, 16.44, 16.31, 16.25, 15.97, 16.03, 15.81, 15.75, 16.62, 16.28, 9
0.00, 59.60, 0.00, 19.00, 4, 23, 1, 340, 0, 105, 107, 138, 1.05, 0.02, -0.12, 15.53, 15.56, 15.94, 16.16, 16.16, 15.72, 16.06, 16.41, 16.19, 16.12, 15.75, 15.75, 15.66, 15.69, 16.34, 16.03, 9
0.00, 59.60, 0.00, 19.00, 3, 26, 4, 344, 0, 109, 106, 136, 1.05, 0.03, -0.14, 15.59, 15.59, 15.78, 16.22, 16.09, 15.88, 16.09, 16.31, 16.34, 15.75, 15.91, 15.81, 15.59, 15.72, 16.37, 16.06, 9
0.00, 59.60, 0.00, 19.00, -5, 21, 4, 348, 0, 115, 103, 136, 1.03, 0.03, -0.14, 15.44, 15.53, 15.59, 16.03, 15.88, 15.63, 15.91, 16.47, 16.22, 15.97, 15.50, 15.66, 15.47, 15.59, 16.09, 15.97, 9
0.00, 59.60, 0.00, 19.00, 4, 25, 3, 351, 0, 118, 98, 140, 1.04, 0.03, -0.13, 15.13, 15.41, 15.47, 15.75, 15.75, 15.47, 15.81, 16.31, 16.16, 15.81, 15.41, 15.22, 15.44, 15.41, 15.94, 15.72, 9
-0.10, 59.50, 0.00, 19.00, -6, 19, -4, 347, 0, 115, 97, 143, 1.04, 0.03, -0.13, 15.41, 15.56, 15.59, 15.84, 15.59, 15.63, 15.84, 16.09, 16.16, 15.81, 15.50, 15.56, 15.44, 15.31, 16.03, 15.75, 9
0.00, 59.50, 0.00, 19.00, 6, 25, -5, 342, 0, 109, 99, 143, 1.04, 0.03, -0.14, 15.47, 15.38, 15.41, 15.72, 15.81, 15.59, 15.88, 16.34, 15.97, 15.81, 15.59, 15.56, 15.34, 15.56, 15.97, 15.78, 9
0.00, 59.50, 0.00, 19.00, -3, 22, -3, 339, 0, 103, 105, 142, 1.04, 0.02, -0.13, 15.09, 15.38, 15.38, 15.69, 15.81, 15.59, 15.66, 15.84, 16.00, 15.63, 15.44, 15.47, 15.03, 15.31, 15.91, 15.66, 9
0.00, 59.50, 0.10, 19.10, -5, 17, 1, 340, 0, 105, 107, 136, 1.04, 0.03, -0.14, 15.41, 15.59, 15.75, 15.97, 16.09, 15.84, 15.84, 16.09, 16.00, 16.00, 15.75, 15.50, 15.59, 15.66, 16.16, 15.94, 9
0.00, 59.50, 0.00, 19.10, 5, 22, 5, 345, 0, 112, 106, 135, 1.05, 0.03, -0.12, 15.53, 15.78, 15.84, 16.22, 16.25, 16.06, 16.19, 16.44, 16.50, 16.12, 15.81, 15.88, 15.78, 15.84, 16.31, 16.06, 9
0.00, 59.50, 0.00, 19.10, 1, 23, 4, 349, 0, 116, 102, 136, 1.04, 0.03, -0.14, 15.75, 15.94, 15.78, 16.22, 16.37, 16.12, 16.19, 16.41, 16.37, 16.25, 16.00, 15.81, 15.81, 15.94, 16.47, 16.12, 9
0.00, 59.50, 0.00, 19.10, 2, 25, 3, 352, 0, 118, 99, 138, 1.04, 0.02, -0.14, 15.88, 15.81, 15.97, 16.28, 16.34, 15.94, 16.34, 16.22, 16.25, 16.37, 15.84, 16.00, 15.78, 15.88, 16.34, 16.31, 9
0.00, 59.50, 0.00, 19.10, -3, 22, 0, 352, 0, 118, 100, 138, 1.04, 0.02, -0.13, 15.69, 15.69, 16.03, 16.25, 16.37, 15.97, 16.16, 16.37, 16.31, 16.19, 15.91, 15.97, 15.75, 15.81, 16.44, 16.16, 9
0.00, 59.50, 0.00, 19.10, 2, 24, 0, 352, 0, 119, 99, 138, 1.04, 0.03, -0.13, 15.78, 15.91, 15.81, 16.31, 16.22, 16.25, 16.41, 16.41, 16.44, 16.22, 16.03, 15.91, 15.81, 16.00, 16.53, 16.16, 9
0.00, 59.50, 0.00, 19.10, -1, 23, -3, 349, 0, 116, 97, 142, 1.04, 0.03, -0.13, 15.84, 15.97, 15.94, 16.47, 16.50, 16.19, 16.34, 16.59, 16.50, 16.37, 16.03, 16.03, 16.00, 16.00, 16.50, 16.41, 9
-0.10, 59.40, 0.00, 19.10, -1, 22, -8, 341, 0, 107, 100, 143, 1.04, 0.03, -0.13, 15.44, 15.72, 15.66, 16.09, 15.94, 15.81, 15.91, 16.31, 15.97, 16.09, 15.69, 15.66, 15.63, 15.69, 16.22, 15.94, 9
0.00, 59.40, 0.00, 19.10, 3, 25, -2, 339, 0, 105, 107, 137, 1.04, 0.02, -0.14, 15.13, 15.19, 15.38, 15.78, 15.59, 15.47, 15.84, 15.94, 16.00, 15.56, 15.28, 15.28, 15.31, 15.41, 15.84, 15.63, 9
0.00, 59.40, 0.00, 19.10, -2, 23, 5, 344, 0, 109, 106, 135, 1.04, 0.02, -0.15, 14.97, 15.22, 15.34, 15.53, 15.50, 15.41, 15.66, 15.81, 15.75, 15.56, 15.06, 15.16, 15.19, 15.16, 15.97, 15.59, 9
0.00, 59.40, 0.00, 19.10, 9, 32, 7, 351, 0, 118, 100, 137, 1.05, 0.03, -0.14, 15.00, 14.97, 15.22, 15.41, 15.31, 15.31, 15.41, 15.81, 15.78, 15.34, 15.25, 15.06, 15.09, 15.03, 15.66, 15.22, 9
0.00, 59.40, 0.00, 19.10, -1, 31, -1, 350, 0, 118, 97, 141, 1.04, 0.03, -0.13, 14.78, 14.94, 15.13, 15.34, 15.31, 15.16, 15.47, 15.88, 15.69, 15.50, 15.06, 14.97, 15.00, 14.97, 15.72, 15.09, 9
0.00, 59.40, 0.00, 19.10, 3, 34, 0, 350, 0, 117, 97, 141, 1.04, 0.02, -0.13, 15.00, 14.97, 15.28, 15.38, 15.56, 15.31, 15.31, 15.66, 15.69, 15.41, 14.97, 15.06, 15.19, 15.06, 15.69, 15.41, 9
0.00, 59.40, 0.00, 19.10, -9, 25, -5, 345, 0, 112, 98, 143, 1.04, 0.03, -0.13, 14.97, 15.03, 15.06, 15.34, 15.50, 15.34, 15.41, 16.00, 15.75, 15.47, 15.16, 15.16, 14.91, 15.00, 15.75, 15.47, 9
-0.10, 59.30, 0.00, 19.10, -5, 20, -3, 342, 0, 107, 101, 144, 1.03, 0.03, -0.13, 15.09, 15.28, 15.38, 15.81, 15.88, 15.56, 15.88, 16.16, 15.94, 15.75, 15.56, 15.53, 15.47, 15.31, 15.94, 15.53, 9
0.00, 59.30, 0.00, 19.10, 5, 25, -3, 339, 0, 105, 107, 137, 1.04, 0.02, -0.14, 15.38, 15.59, 15.88, 16.09, 16.03, 15.75, 16.03, 16.44, 16.19, 16.19, 15.59, 15.88, 15.56, 15.56, 16.19, 16.03, 9
0.00, 59.30, 0.00, 19.10, -5, 20, 5, 344, 0, 109, 106, 136, 1.03, 0.02, -0.14, 15.38, 15.59, 15.78, 16.09, 15.94, 15.81, 15.94, 16.31, 16.16, 16.06, 15.66, 15.72, 15.53, 15.59, 16.25, 15.88, 9
0.00, 59.30, 0.00, 19.10, 8, 28, 6, 350, 0, 116, 101, 136, 1.04, 0.03, -0.14, 15.50, 15.47, 15.53, 16.00, 15.94, 15.78, 15.91, 16.25, 16.22, 15.88, 15.72, 15.59, 15.66, 15.50, 16.03, 15.78, 9
0.00, 59.30, 0.00, 19.10, -8, 20, 2, 352, 0, 118, 98, 140, 1.04, 0.02, -0.14, 15.56, 15.50, 15.81, 16.09, 16.06, 16.06, 16.06, 16.25, 16.22, 16.06, 15.81, 15.69, 15.69, 15.63, 16.31, 16.00, 9
0.00, 59.30, 0.00, 19.10, 9, 29, 0, 352, 0, 119, 98, 139, 1.04, 0.03, -0.14, 15.66, 15.78, 15.84, 16.28, 16.44, 15.94, 16.16, 16.50, 16.28, 16.16, 15.91, 15.97, 15.97, 15.75, 16.44, 16.12, 9
0.00, 59.30, 0.00, 19.10, -9, 20, -4, 348, 0, 116, 97, 142, 1.04, 0.03, -0.14, 15.50, 15.53, 15.66, 16.09, 16.03, 15.88, 16.12, 16.34, 15.94, 16.09, 15.72, 15.78, 15.72, 15.59, 16.12, 16.19, 9
0.00, 59.30, 0.00, 19.10, -1, 19, -2, 346, 0, 113, 98, 143, 1.04, 0.02, -0.14, 15.31, 15.28, 15.59, 15.78, 15.97, 15.75, 15.97, 16.16, 16.00, 15.94, 15.47, 15.56, 15.34, 15.47, 16.06, 15.97, 9
0.00, 59.30, 0.00, 19.10, 7, 26, -5, 341, 0, 107, 101, 143, 1.03, 0.03, -0.15, 15.13, 15.19, 15.34, 15.78, 15.63, 15.41, 15.59, 16.03, 15.78, 15.75, 15.31, 15.22, 15.34, 15.19, 15.91, 15.59, 9
0.00, 59.30, 0.00, 19.10, -4, 22, -2, 339, 0, 104, 105, 141, 1.04, 0.03, -0.14, 15.06, 15.09, 15.47, 15.66, 15.56, 15.31, 15.59, 15.78, 15.91, 15.63, 15.22, 15.31, 15.22, 15.09, 15.72, 15.44, 9
0.00, 59.30, 0.00, 19.10, 3, 25, 2, 341, 0, 106, 107, 136, 1.04, 0.02, -0.13, 15.41, 15.22, 15.53, 15.72, 15.81, 15.69, 15.69, 16.12, 16.03, 15.75, 15.31, 15.44, 15.38, 15.50, 15.94, 15.84, 9
0.10, 59.40, 0.00, 19.10, -4, 21, 4, 345, 0, 111, 105, 136, 1.04, 0.02, -0.13, 15.38, 15.47, 15.66, 15.97, 16.00, 15.81, 16.06, 16.56, 16.22, 16.00, 15.75, 15.69, 15.72, 15.56, 16.09, 15.88, 9
0.00, 59.40, 0.00, 19.10, -2, 19, 5, 350, 0, 115, 103, 135, 1.04, 0.03, -0.13, 15.50, 15.66, 15.84, 16.25, 16.34, 16.09, 16.22, 16.78, 16.44, 16.28, 15.91, 15.78, 15.84, 15.97, 16.44, 16.03, 9
0.00, 59.40, 0.00, 19.10, 7, 26, 2, 352, 0, 118, 99, 139, 1.04, 0.03, -0.14, 15.84, 15.84, 16.03, 16.47, 16.47, 16.25, 16.47, 16.47, 16.47, 16.34, 16.03, 15.97, 16.06, 16.12, 16.72, 16.12, 9
0.00, 59.40, 0.00, 19.10, -6, 20, -1, 351, 0, 118, 97, 141, 1.04, 0.03, -0.14, 16.03, 16.12, 16.34, 16.69, 16.75, 16.41, 16.78, 16.69, 16.75, 16.69, 16.25, 16.25, 16.41, 16.03, 16.91, 16.53, 9
0.00, 59.40, 0.00, 19.10, 0, 20, -4, 347, 0, 113, 97, 143, 1.04, 0.02, -0.14, 15.88, 16.22, 16.50, 16.56, 16.69, 16.41, 16.62, 16.66, 16.78, 16.56, 16.25, 16.31, 16.28, 16.12, 16.66, 16.56, 9
0.00, 59.40, 0.00, 19.10, 1, 21, -4, 343, 0, 107, 100, 143, 1.04, 0.03, -0.13, 15.84, 16.06, 16.47, 16.84, 16.69, 16.53, 16.81, 16.91, 16.72, 16.75, 16.22, 16.50, 16.28, 16.22, 16.94, 16.53, 9
0.00, 59.40, 0.00, 19.10, 9, 30, -1, 342, 0, 103, 107, 138, 1.04, 0.02, -0.13, 16.06, 16.06, 16.25, 16.47, 16.69, 16.44, 16.75, 16.84, 16.75, 16.56, 16.16, 16.16, 16.12, 16.31, 16.91, 16.59, 9
-0.10, 59.30, 0.00, 19.10, -10, 20, 25, 367, 0, 89, 89, 130, 1.04, 0.02, -0.13, 16.06, 16.28, 16.53, 16.94, 16.69, 16.25, 16.41, 16.69, 16.59, 16.53, 16.12, 16.16, 16.09, 16.12, 17.09, 17.12, 9
0.00, 59.30, 0.00, 19.10, 3, 23, -5, 362, 0, 109, 94, 134, 1.05, 0.02, -0.13, 15.56, 15.88, 16.00, 16.62, 16.22, 15.81, 15.97, 16.37, 16.37, 15.94, 15.78, 15.75, 15.72, 15.59, 16.53, 16.75, 9
0.00, 59.30, 0.00, 19.10, -1, 22, -3, 359, 0, 115, 96, 140, 1.04, 0.03, -0.15, 15.28, 15.53, 15.75, 16.31, 16.09, 15.75, 15.88, 16.16, 16.09, 15.84, 15.44, 15.53, 15.47, 15.59, 16.31, 16.47, 9
0.20, 59.50, 0.00, 19.10, 2, 24, -11, 348, 0, 109, 98, 143, 1.05, 0.02, -0.14, 15.00, 15.13, 15.19, 15.72, 15.75, 15.56, 15.81, 16.09, 15.75, 15.53, 15.31, 15.31, 15.22, 15.28, 15.94, 15.91, 9
0.00, 59.50, 0.00, 19.10, -6, 18, -6, 342, 0, 104, 102, 142, 1.04, 0.02, -0.13, 15.16, 14.97, 15.16, 15.66, 15.56, 15.19, 15.53, 15.91, 15.91, 15.50, 15.06, 15.19, 15.06, 15.16, 15.78, 15.47, 9
0.00, 59.50, 0.00, 19.10, 2, 20, -1, 341, 0, 103, 106, 138, 1.04, 0.02, -0.13, 14.75, 14.78, 15.13, 15.31, 15.28, 15.16, 15.34, 15.72, 15.63, 15.38, 14.84, 15.03, 14.84, 14.88, 15.47, 15.41, 9
0.00, 59.50, 0.00, 19.10, 6, 26, 6, 347, 0, 109, 106, 136, 1.04, 0.03, -0.13, 14.84, 14.66, 14.91, 15.28, 15.31, 14.91, 15.31, 15.66, 15.44, 15.22, 14.84, 14.78, 14.78, 15.00, 15.53, 15.28, 9
0.20, 59.70, 0.00, 19.10, -6, 20, 5, 352, 0, 115, 103, 135, 1.05, 0.03, -0.14, 14.44, 14.53, 14.69, 15.13, 15.13, 14.88, 15.28, 15.38, 15.44, 15.00, 14.63, 14.63, 14.69, 14.63, 15.38, 15.06, 9
0.00, 59.70, 0.00, 19.10, 1, 21, 3, 355, 0, 117, 98, 139, 1.05, 0.03, -0.13, 14.66, 14.84, 14.81, 15.25, 15.06, 15.00, 15.22, 15.38, 15.47, 15.13, 14.72, 14.75, 14.78, 14.81, 15.44, 15.13, 9
0.00, 59.70, 0.00, 19.10, 0, 21, -2, 353, 0, 115, 102, 135, 1.04, 0.02, -0.12, 14.47, 14.72, 14.78, 15.16, 15.53, 14.84, 15.03, 15.38, 15.44, 15.00, 14.50, 14.75, 14.56, 14.81, 15.28, 15.56, 9
0.30, 60.00, 0.00, 19.10, -2, 19, 7, 360, 0, 116, 96, 141, 1.04, 0.03, -0.13, 14.84, 14.75, 14.91, 15.78, 15.38, 15.22, 15.19, 15.53, 15.34, 15.16, 14.88, 14.81, 14.84, 14.97, 15.53, 16.06, 9
0.00, 60.00, 0.00, 19.10, 2, 21, -6, 354, 0, 117, 97, 141, 1.04, 0.02, -0.14, 14.81, 14.81, 14.88, 15.41, 15.44, 14.94, 15.31, 15.28, 15.56, 15.09, 14.72, 14.91, 14.84, 14.78, 15.41, 15.56, 9
0.00, 60.00, 0.00, 19.10, -3, 18, -5, 349, 0, 112, 98, 143, 1.04, 0.02, -0.13, 14.84, 14.72, 15.00, 15.41, 15.66, 15.06, 15.34, 15.78, 15.38, 15.34, 15.00, 15.13, 14.91, 14.84, 15.50, 15.72, 9
0.00, 60.00, 0.00, 19.10, 7, 25, -7, 342, 0, 104, 103, 142, 1.05, 0.03, -0.14, 14.84, 14.63, 15.13, 15.41, 15.41, 15.06, 15.25, 15.69, 15.50, 15.19, 14.94, 15.06, 14.84, 14.94, 15.63, 15.31, 9
0.20, 60.20, 0.00, 19.10, -4, 21, -1, 341, 0, 103, 106, 138, 1.05, 0.02, -0.14, 14.69, 14.75, 14.91, 15.28, 15.31, 14.84, 15.38, 15.72, 15.50, 15.16, 14.94, 14.91, 14.88, 14.78, 15.44, 15.28, 9
0.00, 60.20, 0.00, 19.10, 1, 22, 7, 348, 0, 111, 104, 135, 1.04, 0.03, -0.14, 14.41, 14.41, 14.66, 14.91, 15.00, 14.63, 15.00, 15.47, 15.09, 14.91, 14.59, 14.63, 14.50, 14.63, 15.03, 15.09, 9
0.00, 60.20, 0.00, 19.10, 0, 22, 0, 348, 0, 111, 105, 135, 1.04, 0.03, -0.14, 14.19, 14.25, 14.38, 14.75, 14.72, 14.38, 14.78, 14.97, 15.09, 14.59, 14.22, 14.47, 14.22, 14.34, 14.91, 14.56, 9
0.00, 60.20, 0.00, 19.10, -2, 20, 5, 353, 0, 118, 99, 138, 1.04, 0.02, -0.13, 14.09, 14.28, 14.22, 14.72, 14.59, 14.28, 14.56, 15.19, 15.06, 14.56, 14.19, 14.31, 14.00, 14.03, 14.81, 14.97, 9
0.00, 60.20, 0.00, 19.10, -1, 19, 0, 353, 0, 117, 100, 137, 1.04, 0.02, -0.13, 13.66, 14.13, 14.22, 14.34, 14.34, 14.31, 14.63, 15.03, 14.94, 14.31, 14.13, 13.97, 14.06, 14.06, 14.81, 14.38, 9
0.00, 60.20, 0.00, 19.10, 4, 23, -1, 352, 0, 118, 97, 141, 1.04, 0.02, -0.13, 14.13, 14.09, 14.25, 14.69, 14.69, 14.38, 14.59, 15.06, 14.81, 14.47, 14.09, 14.28, 14.22, 14.47, 15.06, 14.47, 9
0.00, 60.20, 0.00, 19.10, 6, 29, -2, 350, 0, 116, 97, 142, 1.04, 0.02, -0.13, 14.16, 13.94, 14.41, 14.78, 14.69, 14.38, 14.75, 15.19, 14.88, 14.66, 14.22, 14.25, 14.22, 14.34, 14.91, 14.81, 9
0.20, 60.40, 0.00, 19.10, -9, 20, -4, 346, 0, 111, 99, 144, 1.04, 0.03, -0.13, 13.94, 14.00, 14.31, 14.72, 14.72, 14.28, 14.72, 15.25, 14.88, 14.63, 14.28, 14.41, 14.09, 14.28, 14.75, 14.63, 9
0.00, 60.40, 0.00, 19.10, 1, 21, -4, 342, 0, 104, 102, 142, 1.04, 0.02, -0.14, 14.22, 14.41, 14.47, 14.94, 14.88, 14.66, 15.16, 15.50, 15.13, 14.97, 14.44, 14.63, 14.47, 14.66, 15.06, 14.88, 9
0.00, 60.40, 0.00, 19.10, 0, 21, -3, 339, 0, 103, 106, 139, 1.04, 0.03, -0.14, 14.41, 14.50, 14.63, 15.09, 15.00, 14.97, 15.00, 15.41, 15.22, 14.97, 14.69, 14.63, 14.53, 14.66, 15.31, 15.00, 9
0.20, 60.60, 0.00, 19.10, 1, 22, 4, 343, 0, 107, 107, 135, 1.04, 0.02, -0.14, 14.53, 14.56, 14.66, 15.16, 15.22, 14.97, 15.22, 15.72, 15.25, 15.13, 14.75, 14.59, 14.84, 14.81, 15.47, 15.19, 9
0.00, 60.60, 0.00, 19.10, 0, 22, 4, 347, 0, 112, 104, 135, 1.04, 0.02, -0.14, 14.53, 14.59, 14.81, 15.25, 15.16, 15.06, 15.31, 15.47, 15.34, 15.13, 15.00, 14.91, 14.63, 14.75, 15.50, 14.94, 9
0.00, 60.60, 0.00, 19.10, -1, 21, 3, 350, 0, 115, 103, 135, 1.04, 0.02, -0.14, 15.13, 14.94, 15.06, 15.63, 15.59, 15.16, 15.84, 15.66, 15.63, 15.47, 15.28, 15.16, 15.22, 15.03, 15.69, 15.53, 9
0.00, 60.60, -0.10, 19.00, 2, 23, 3, 353, 0, 118, 100, 137, 1.04, 0.02, -0.14, 14.91, 14.91, 14.94, 15.59, 15.53, 15.13, 15.38, 15.56, 15.69, 15.22, 15.13, 15.06, 15.13, 15.03, 15.75, 14.94, 9
0.00, 60.60, 0.00, 19.00, -5, 18, -1, 352, 0, 118, 97, 139, 1.03, 0.02, -0.14, 14.81, 15.22, 15.13, 15.53, 15.47, 15.41, 15.63, 16.00, 15.72, 15.44, 15.31, 15.09, 15.19, 15.16, 16.00, 15.28, 9
0.00, 60.60, 0.00, 19.00, -2, 16, -4, 348, 0, 114, 97, 143, 1.04, 0.02, -0.13, 14.91, 15.00, 15.19, 15.69, 15.72, 15.25, 15.47, 15.72, 15.78, 15.28, 15.03, 15.06, 15.09, 15.09, 16.00, 15.59, 9
0.00, 60.60, 0.00, 19.00, 5, 21, -4, 344, 0, 109, 99, 143, 1.04, 0.02, -0.14, 14.81, 14.78, 15.13, 15.44, 15.50, 15.16, 15.47, 15.75, 15.59, 15.47, 15.00, 14.91, 15.00, 14.97, 15.59, 15.50, 9
0.20, 60.80, 0.00, 19.00, 5, 26, -1, 343, 0, 105, 102, 142, 1.04, 0.02, -0.14, 14.97, 14.91, 15.19, 15.56, 15.66, 15.28, 15.72, 15.88, 15.72, 15.38, 15.09, 15.25, 15.03, 15.09, 15.81, 15.78, 9
0.00, 60.80, 0.00, 19.00, -6, 20, -2, 341, 0, 103, 105, 140, 1.05, 0.02, -0.14, 15.06, 15.03, 15.34, 16.12, 15.72, 15.72, 15.78, 15.97, 15.84, 15.56, 15.41, 15.25, 15.25, 15.31, 16.06, 16.06, 9
0.00, 60.80, 0.00, 19.00, 7, 27, 7, 348, 0, 110, 105, 135, 1.05, 0.03, -0.13, 14.97, 15.34, 15.53, 15.97, 15.81, 15.63, 15.63, 15.97, 15.94, 15.72, 15.31, 15.28, 15.25, 15.38, 15.97, 16.00, 9
0.00, 60.80, 0.00, 19.00, 1, 28, 6, 354, 0, 117, 99, 137, 1.04, 0.02, -0.14, 15.50, 15.56, 15.78, 16.34, 16.06, 15.91, 16.09, 16.19, 16.22, 16.00, 15.72, 15.72, 15.66, 15.66, 16.28, 16.19, 9
-0.10, 60.70, 0.00, 19.00, -9, 19, -2, 352, 0, 117, 97, 141, 1.04, 0.03, -0.14, 15.56, 15.78, 15.78, 16.41, 16.28, 16.00, 16.19, 16.34, 16.47, 16.00, 15.81, 15.81, 15.81, 15.88, 16.56, 16.00, 9
0.00, 60.70, 0.00, 19.00, 1, 20, -7, 345, 0, 112, 97, 143, 1.04, 0.02, -0.13, 15.63, 15.81, 16.03, 16.34, 16.28, 16.09, 16.16, 16.47, 16.16, 16.16, 15.91, 16.00, 15.81, 16.03, 16.56, 16.19, 9
0.00, 60.70, 0.00, 19.00, 0, 20, -4, 341, 0, 106, 102, 143, 1.04, 0.03, -0.13, 15.63, 15.59, 15.88, 16.37, 16.25, 15.88, 16.31, 16.50, 16.12, 16.12, 16.06, 15.81, 15.72, 15.84, 16.44, 16.28, 9
0.10, 60.80, 0.00, 19.00, 1, 21, -2, 339, 0, 104, 107, 137, 1.05, 0.02, -0.13, 15.66, 15.88, 15.91, 16.34, 16.19, 15.97, 16.09, 16.56, 16.16, 16.09, 15.91, 16.03, 15.75, 15.84, 16.47, 16.34, 9
0.00, 60.80, 0.00, 19.00, -1, 20, 4, 343, 0, 109, 106, 135, 1.05, 0.03, -0.13, 15.47, 15.63, 15.97, 16.25, 16.19, 16.03, 16.22, 16.47, 16.16, 16.09, 15.78, 15.84, 15.72, 15.94, 16.50, 16.19, 9
0.00, 60.80, 0.00, 19.00, 3, 23, 5, 348, 0, 116, 102, 136, 1.05, 0.02, -0.12, 15.59, 15.84, 15.81, 16.34, 16.28, 16.00, 16.09, 16.09, 16.28, 16.12, 15.75, 15.75, 15.75, 15.78, 16.47, 16.16, 9
0.00, 60.80, 0.00, 19.00, -3, 20, 3, 351, 0, 118, 99, 137, 1.04, 0.02, -0.14, 15.06, 15.00, 15.44, 15.81, 15.78, 15.53, 15.47, 15.78, 15.94, 15.66, 15.28, 15.06, 15.28, 15.22, 15.84, 15.59, 9
0.20, 61.00, 0.00, 19.00, -1, 19, -2, 349, 0, 117, 97, 141, 1.04, 0.03, -0.13, 14.97, 15.16, 15.44, 15.72, 15.63, 15.34, 15.66, 16.06, 15.69, 15.66, 15.34, 15.25, 15.25, 15.19, 15.88, 15.72, 9
0.00, 61.00, 0.00, 19.00, 3, 22, -5, 344, 0, 112, 98, 143, 1.04, 0.02, -0.14, 15.03, 14.97, 15.34, 15.56, 15.72, 15.19, 15.81, 16.00, 15.78, 15.50, 15.19, 15.47, 15.13, 15.25, 15.84, 15.47, 9
0.00, 61.00, 0.00, 19.00, -1, 21, -5, 339, 0, 105, 103, 143, 1.04, 0.03, -0.13, 14.84, 14.75, 14.91, 15.38, 15.31, 15.00, 15.47, 15.81, 15.66, 15.31, 15.03, 14.94, 14.91, 14.97, 15.53, 15.13, 9
0.00, 61.00, 0.00, 19.00, 2, 23, 0, 339, 0, 105, 107, 137, 1.04, 0.03, -0.14, 14.78, 14.72, 14.97, 15.25, 15.34, 15.19, 15.41, 15.78, 15.47, 15.34, 14.84, 15.06, 14.88, 14.97, 15.56, 15.31, 9
0.00, 61.00, 0.00, 19.00, -1, 22, 5, 344, 0, 111, 106, 136, 1.04, 0.02, -0.13, 15.00, 15.06, 15.16, 15.56, 15.50, 15.31, 15.44, 15.94, 15.75, 15.47, 15.19, 15.25, 15.03, 15.09, 15.84, 15.34, 9
0.00, 61.00, 0.00, 19.00, 3, 25, 1, 345, 0, 111, 104, 135, 1.04, 0.02, -0.14, 15.13, 15.06, 15.22, 15.59, 15.59, 15.47, 15.75, 15.88, 15.91, 15.47, 15.16, 15.31, 15.13, 15.22, 15.88, 15.63, 9
0.00, 61.00, 0.00, 19.00, 1, 26, 26, 371, 0, 115, 101, 136, 1.04, 0.03, -0.14, 15.34, 15.38, 15.88, 15.94, 16.00, 15.72, 16.25, 16.09, 16.16, 15.91, 15.53, 15.50, 15.53, 15.47, 16.28, 16.22, 9
0.00, 61.00, 0.00, 19.00, -6, 20, -20, 351, 0, 115, 102, 136, 1.04, 0.03, -0.13, 15.16, 15.53, 15.78, 16.34, 16.41, 15.84, 16.00, 16.16, 16.16, 15.91, 15.66, 15.50, 15.59, 15.75, 16.28, 16.37, 9
0.00, 61.00, 0.00, 19.00, 0, 20, 7, 358, 0, 117, 97, 139, 1.03, 0.03, -0.14, 15.59, 15.44, 15.72, 15.88, 16.22, 16.19, 15.75, 16.03, 16.06, 15.72, 15.47, 15.59, 15.59, 15.56, 16.25, 16.56, 9
0.00, 61.00, 0.00, 19.00, -1, 19, -11, 347, 0, 113, 97, 143, 1.04, 0.03, -0.14, 14.81, 14.97, 15.00, 15.53, 15.59, 15.19, 15.56, 15.97, 15.63, 15.34, 14.97, 15.13, 14.97, 15.00, 15.78, 15.81, 9
0.20, 61.20, 0.00, 19.00, -14, 5, -8, 339, 0, 103, 103, 142, 1.04, 0.02, -0.14, 14.97, 15.16, 15.19, 15.44, 15.59, 15.34, 15.56, 16.09, 15.75, 15.53, 15.19, 15.09, 15.03, 15.03, 15.84, 15.88, 1
0.00, 61.20, 0.00, 19.00, -1, 4, 1, 340, 0, 104, 107, 137, 1.04, 0.02, -0.13, 14.97, 15.13, 15.31, 15.94, 15.78, 15.94, 15.91, 16.03, 15.88, 15.69, 15.31, 15.28, 15.34, 15.44, 15.94, 16.12, 1
0.00, 61.20, 0.00, 19.00, 3, 7, 43, 383, 0, 94, 90, 130, 1.06, 0.03, -0.14, 15.56, 15.56, 15.72, 16.87, 16.53, 15.97, 16.03, 16.25, 16.06, 16.09, 15.63, 15.78, 15.69, 15.63, 16.66, 16.97, 1
0.00, 61.20, 0.00, 19.00, 4, 11, 9, 392, 0, 84, 79, 128, 1.04, 0.02, -0.13, 15.91, 16.03, 16.59, 17.00, 16.44, 16.22, 16.44, 16.53, 16.41, 16.47, 15.94, 16.22, 16.06, 16.16, 17.06, 16.84, 1
0.00, 61.20, 0.00, 19.00, -8, 3, -7, 385, 0, 83, 81, 129, 1.05, 0.03, -0.13, 16.25, 16.75, 16.72, 16.91, 16.75, 16.28, 16.59, 16.69, 16.72, 16.37, 16.16, 16.47, 16.25, 16.41, 17.34, 17.22, 1
0.00, 61.20, 0.00, 19.00, 0, 3, 4, 389, 0, 79, 83, 129, 1.07, 0.04, -0.14, 16.03, 16.28, 16.56, 17.09, 16.53, 16.22, 16.31, 16.41, 16.41, 16.37, 16.03, 16.12, 16.03, 16.25, 17.16, 17.06, 1
0.00, 61.20, 0.00, 19.00, -1, 2, 9, 398, 0, 79, 84, 127, 1.04, 0.02, -0.14, 15.88, 16.37, 16.75, 17.16, 16.41, 16.19, 16.22, 16.37, 16.44, 16.22, 15.94, 16.19, 16.03, 16.16, 17.34, 17.03, 1
-0.40, 60.80, 0.00, 19.00, 1, 3, 5, 403, 0, 81, 81, 128, 1.05, 0.02, -0.14, 16.03, 16.34, 16.78, 17.22, 16.66, 16.37, 16.47, 16.53, 16.56, 16.47, 16.22, 16.19, 16.22, 16.44, 17.19, 17.12, 1
0.00, 60.80, 0.00, 19.00, 0, 3, 10, 413, 0, 82, 81, 128, 1.04, 0.03, -0.14, 15.88, 16.16, 16.62, 17.06, 16.56, 16.19, 16.22, 16.56, 16.34, 16.31, 16.06, 16.12, 15.91, 16.12, 17.19, 17.19, 1