1019, 0.00, 50.90, 0.00, 24.20, -1, 8, -6, 505, 0, 134, 136, 169, 1.05, -0.03, -0.16, 23.75, 23.50, 23.50, 23.50, 23.50, 23.25, 24.00, 24.00, 23.50, 24.00, 24.00, 23.25, 24.25, 22.75, 23.25, 23.00, 22.75, 23.50, 23.25, 24.00, 23.75, 23.75, 23.75, 24.25, 22.50, 23.75, 23.75, 24.00, 24.25, 23.50, 23.75, 23.25, 23.50, 23.00, 22.75, 24.00, 23.75, 23.75, 23.75, 24.00, 23.00, 23.50, 24.00, 23.75, 23.50, 23.75, 24.50, 24.00, 24.00, 23.50, 23.25, 24.00, 23.25, 24.25, 25.75, 24.50, 23.50, 23.00, 24.75, 23.75, 23.50, 24.00, 25.00, 24.75, 1
1019, 0.00, 50.90, 0.00, 24.20, 0, 8, 3, 508, 0, 135, 135, 168, 1.05, -0.04, -0.15, 23.50, 23.75, 23.50, 23.25, 23.75, 22.75, 23.50, 24.50, 23.50, 23.50, 23.25, 23.50, 24.00, 23.25, 23.50, 23.25, 23.75, 23.75, 23.75, 23.50, 23.75, 23.50, 23.75, 24.25, 23.25, 23.50, 24.00, 23.75, 24.00, 23.75, 23.50, 23.50, 23.50, 23.00, 23.00, 23.50, 23.75, 24.00, 24.00, 24.00, 23.25, 23.25, 24.00, 24.00, 23.75, 24.00, 25.00, 24.50, 24.00, 23.25, 23.75, 24.00, 23.75, 24.00, 26.00, 25.25, 24.00, 23.75, 24.00, 24.00, 23.50, 24.25, 25.00, 25.00, 1
1019, 0.00, 50.90, 0.00, 24.20, 0, 8, -7, 501, 0, 134, 136, 168, 1.04, -0.04, -0.15, 23.50, 24.00, 23.00, 23.50, 23.50, 23.25, 23.75, 24.75, 23.25, 23.50, 23.50, 23.50, 23.50, 23.50, 23.25, 22.75, 23.25, 23.50, 23.50, 24.25, 23.50, 22.75, 24.00, 24.00, 22.75, 23.25, 23.25, 23.75, 23.75, 23.50, 23.25, 23.25, 23.75, 23.50, 23.00, 23.75, 23.50, 23.50, 23.50, 24.50, 23.00, 23.25, 23.75, 23.50, 23.75, 24.00, 24.25, 24.00, 24.00, 23.25, 23.25, 24.00, 23.50, 24.00, 26.25, 24.75, 23.75, 23.25, 24.50, 23.75, 23.50, 23.50, 24.25, 25.00, 1
1019, 0.00, 50.90, 0.00, 24.20, 67, 75, 10, 511, 0, 136, 136, 168, 1.06, -0.03, -0.16, 23.75, 23.75, 23.25, 23.75, 23.50, 23.00, 23.50, 24.50, 23.75, 24.00, 23.25, 23.25, 23.50, 23.25, 23.25, 23.25, 22.75, 23.50, 23.00, 23.75, 23.75, 23.75, 23.75, 23.75, 22.75, 23.75, 23.75, 24.00, 24.00, 23.75, 23.75, 23.50, 23.50, 23.50, 23.25, 23.50, 23.75, 23.75, 23.50, 23.75, 23.00, 23.75, 24.00, 24.00, 23.50, 23.75, 24.75, 24.25, 23.75, 23.25, 23.50, 24.00, 23.75, 24.00, 25.75, 24.50, 24.00, 23.00, 24.00, 24.50, 23.50, 24.00, 25.00, 25.00, 2
1019, 0.00, 50.90, 0.00, 24.20, -56, 19, -8, 503, 0, 134, 136, 167, 1.06, -0.03, -0.13, 23.75, 23.50, 23.00, 23.75, 23.75, 23.50, 23.50, 24.50, 23.50, 24.25, 23.50, 24.00, 23.75, 23.50, 23.00, 23.75, 23.50, 23.25, 23.75, 24.00, 24.25, 23.25, 23.75, 24.00, 23.00, 23.50, 23.50, 23.75, 24.50, 23.50, 24.00, 23.25, 23.50, 23.75, 23.25, 24.00, 24.25, 24.00, 23.75, 24.25, 23.25, 23.50, 24.25, 24.25, 23.75, 23.75, 24.25, 24.00, 24.00, 23.75, 24.25, 24.50, 24.25, 24.50, 26.50, 25.25, 23.50, 24.50, 24.25, 23.75, 23.25, 24.50, 25.00, 25.25, 2
1019, 0.00, 50.90, 0.00, 24.20, 143, 162, 3, 506, 0, 135, 136, 168, 1.04, -0.03, -0.15, 23.50, 23.75, 23.00, 23.75, 23.25, 23.00, 23.50, 24.25, 23.25, 23.75, 23.25, 23.25, 23.75, 23.00, 23.50, 23.50, 23.00, 23.50, 23.25, 24.00, 23.50, 23.25, 23.50, 24.25, 23.25, 23.50, 24.00, 23.75, 24.25, 23.75, 23.50, 23.50, 23.50, 23.75, 23.00, 23.75, 24.25, 24.00, 23.75, 23.75, 23.25, 23.50, 23.75, 23.75, 24.00, 24.25, 24.75, 23.75, 23.50, 23.50, 24.00, 24.50, 23.75, 24.25, 25.75, 24.50, 23.50, 23.00, 24.25, 23.50, 23.75, 23.25, 25.00, 25.00, 2
1019, 0.00, 50.90, 0.00, 24.20, -150, 12, 9, 515, 0, 136, 135, 168, 1.04, -0.03, -0.14, 23.50, 24.00, 23.50, 23.25, 23.75, 23.00, 23.75, 24.50, 23.50, 23.75, 23.25, 23.75, 24.50, 23.25, 23.00, 23.25, 22.75, 23.25, 23.25, 24.25, 23.75, 23.50, 23.50, 23.75, 23.00, 23.50, 23.50, 24.00, 24.25, 23.75, 23.50, 23.25, 23.50, 23.75, 23.00, 24.25, 23.75, 24.00, 23.25, 24.00, 22.75, 23.00, 23.75, 23.75, 23.75, 23.75, 24.50, 24.00, 23.50, 23.50, 24.00, 24.25, 24.00, 24.25, 26.00, 24.75, 24.00, 23.75, 24.00, 24.75, 24.00, 23.75, 25.00, 25.00, 2
1019, 0.00, 50.90, 0.00, 24.20, 2, 14, -15, 500, 0, 134, 136, 168, 1.04, -0.03, -0.15, 23.75, 24.00, 23.50, 24.00, 23.75, 23.75, 23.50, 24.75, 23.75, 24.00, 23.75, 23.25, 24.00, 23.50, 23.50, 23.25, 23.25, 23.75, 23.25, 23.75, 24.00, 23.25, 23.75, 24.00, 23.00, 23.75, 23.50, 24.00, 24.75, 24.25, 24.00, 23.50, 23.50, 23.25, 23.50, 23.75, 24.25, 24.25, 23.75, 24.25, 23.25, 23.50, 23.75, 24.00, 24.00, 24.00, 24.50, 24.00, 24.25, 23.25, 23.50, 24.50, 23.75, 24.00, 26.50, 24.75, 24.00, 23.25, 24.25, 24.25, 24.00, 24.50, 25.00, 25.00, 2
1019, 0.00, 50.90, 0.00, 24.20, 61, 75, 10, 510, 0, 135, 136, 168, 1.04, -0.03, -0.16, 24.00, 24.00, 23.50, 24.00, 23.75, 23.25, 23.75, 25.50, 23.75, 23.75, 23.25, 23.50, 24.25, 23.25, 23.50, 23.50, 23.25, 24.00, 23.00, 24.50, 23.75, 23.75, 24.25, 24.25, 23.25, 23.50, 23.75, 24.00, 24.50, 24.25, 23.75, 23.50, 23.75, 23.75, 23.50, 24.00, 24.00, 24.00, 24.00, 24.00, 23.25, 23.50, 24.25, 24.50, 23.75, 23.75, 24.75, 24.25, 23.50, 23.50, 23.75, 24.50, 24.00, 24.75, 26.50, 25.25, 24.25, 23.75, 24.50, 24.50, 24.25, 24.50, 25.25, 25.50, 2
1019, -0.10, 50.80, 0.00, 24.20, -28, 47, -3, 507, 0, 134, 135, 169, 1.04, -0.04, -0.17, 23.75, 23.75, 23.50, 23.50, 23.50, 23.50, 23.50, 25.25, 23.50, 24.00, 23.75, 23.75, 24.00, 23.50, 23.25, 23.50, 23.25, 23.50, 23.25, 24.25, 23.25, 23.50, 23.75, 23.75, 23.00, 23.75, 23.50, 24.00, 24.50, 24.00, 23.75, 23.75, 23.25, 23.50, 23.25, 24.00, 24.00, 23.75, 23.25, 24.25, 23.25, 23.50, 24.25, 23.75, 23.75, 23.75, 24.75, 24.50, 24.25, 23.25, 23.50, 24.50, 24.00, 24.00, 26.50, 24.75, 23.75, 23.25, 24.50, 24.00, 23.50, 23.50, 24.50, 25.25, 2
1019, 0.00, 50.80, 0.00, 24.20, -19, 28, 1, 508, 0, 135, 135, 169, 1.04, -0.03, -0.15, 24.25, 24.00, 23.75, 23.50, 23.75, 23.75, 23.75, 25.25, 23.25, 23.50, 23.75, 23.75, 24.25, 23.75, 23.25, 23.50, 23.50, 23.75, 23.50, 24.25, 24.25, 23.75, 23.75, 24.75, 23.00, 23.75, 23.75, 24.00, 24.25, 24.00, 23.75, 24.00, 23.25, 23.50, 23.50, 24.00, 24.25, 24.25, 23.75, 24.50, 23.75, 23.50, 24.25, 24.00, 23.25, 24.25, 24.75, 24.75, 24.00, 23.50, 23.75, 24.00, 23.75, 24.75, 25.75, 25.25, 24.25, 23.50, 24.50, 24.00, 23.75, 24.00, 24.75, 25.00, 2
1019, 0.00, 50.80, 0.00, 24.20, -19, 9, -1, 507, 0, 135, 136, 167, 1.04, -0.03, -0.15, 24.25, 23.75, 23.25, 24.00, 23.50, 23.75, 24.25, 25.25, 23.50, 24.00, 23.50, 23.75, 23.75, 23.25, 23.50, 23.25, 23.50, 23.50, 23.50, 24.25, 24.00, 23.50, 23.75, 23.75, 23.25, 23.50, 23.75, 24.00, 24.25, 24.25, 23.75, 23.25, 23.25, 23.25, 23.50, 24.25, 24.25, 24.00, 24.00, 23.75, 23.25, 23.50, 24.25, 24.25, 24.00, 24.00, 25.00, 24.00, 24.00, 23.25, 23.75, 24.25, 24.00, 24.00, 26.50, 25.00, 23.75, 23.75, 24.25, 24.25, 23.25, 24.00, 25.00, 25.00, 2
1019, 0.00, 50.80, 0.00, 24.20, 59, 68, 2, 509, 0, 135, 135, 168, 1.07, -0.03, -0.12, 23.75, 24.25, 23.50, 24.25, 23.50, 23.50, 23.25, 26.00, 23.75, 23.75, 23.50, 23.25, 23.75, 23.75, 23.50, 23.50, 23.50, 23.50, 23.50, 24.25, 23.75, 23.25, 23.75, 23.75, 23.00, 23.50, 23.75, 24.25, 24.25, 24.25, 23.75, 23.50, 23.25, 23.50, 23.25, 24.00, 24.25, 24.00, 23.75, 24.25, 22.75, 23.25, 24.00, 24.00, 23.75, 24.00, 24.75, 23.75, 24.25, 23.75, 24.25, 24.50, 24.25, 24.25, 26.75, 25.25, 23.75, 23.25, 23.75, 23.75, 23.75, 24.25, 24.75, 25.00, 2
1019, 0.00, 50.80, 0.00, 24.20, -60, 8, -3, 506, 0, 134, 136, 168, 1.04, -0.03, -0.15, 23.75, 24.00, 23.75, 24.25, 23.50, 23.75, 24.25, 25.00, 23.75, 23.75, 23.50, 24.00, 24.25, 23.75, 23.50, 23.75, 23.50, 24.00, 23.50, 24.25, 24.00, 23.75, 23.75, 23.75, 23.25, 23.75, 23.75, 24.50, 24.25, 24.25, 24.00, 23.50, 23.50, 23.25, 23.25, 24.25, 24.00, 24.00, 24.00, 23.75, 23.25, 23.50, 24.25, 24.00, 23.75, 23.75, 25.00, 24.25, 24.00, 24.25, 23.75, 24.50, 24.25, 24.50, 26.25, 25.00, 23.75, 23.50, 24.50, 24.50, 24.00, 23.75, 25.00, 25.00, 2
1019, 0.00, 50.80, 0.00, 24.20, 0, 8, 2, 508, 0, 135, 136, 168, 1.05, -0.04, -0.16, 23.75, 23.50, 23.50, 23.75, 23.50, 23.75, 23.75, 25.00, 23.75, 23.75, 24.00, 23.50, 24.25, 23.00, 23.75, 22.75, 23.25, 23.75, 23.50, 24.75, 24.00, 23.25, 23.75, 24.00, 23.00, 23.75, 23.25, 24.00, 23.75, 23.75, 24.00, 23.75, 23.50, 23.50, 23.50, 23.75, 24.00, 24.25, 23.75, 24.50, 23.00, 23.25, 23.75, 24.00, 24.00, 24.00, 24.50, 24.50, 24.25, 23.75, 24.00, 24.00, 24.25, 24.50, 26.50, 24.50, 23.50, 23.75, 24.25, 24.00, 24.25, 24.25, 25.25, 25.25, 2
1019, 0.00, 50.80, 0.00, 24.20, 2, 10, 2, 510, 0, 134, 136, 168, 1.06, -0.04, -0.14, 24.25, 24.00, 23.75, 23.75, 23.75, 23.75, 23.50, 25.75, 23.50, 23.75, 23.75, 23.75, 23.75, 23.25, 23.25, 23.50, 23.50, 23.25, 23.75, 24.25, 23.75, 23.25, 24.00, 24.50, 23.25, 23.75, 23.75, 23.75, 24.50, 24.25, 24.25, 23.75, 23.50, 23.25, 24.25, 24.00, 24.25, 24.25, 24.00, 24.00, 23.50, 23.75, 24.00, 24.50, 24.00, 24.25, 24.75, 24.00, 24.25, 23.50, 24.00, 24.25, 24.00, 24.25, 26.25, 24.75, 24.25, 23.50, 24.50, 24.00, 23.75, 24.00, 24.75, 25.25, 2
1019, 0.00, 50.80, 0.00, 24.20, 13, 23, -6, 504, 0, 135, 135, 168, 1.03, -0.05, -0.16, 24.00, 23.75, 23.25, 24.00, 24.00, 23.75, 23.75, 25.00, 23.25, 24.00, 24.00, 24.00, 24.50, 23.25, 23.75, 23.25, 23.25, 24.00, 23.75, 24.50, 24.25, 23.50, 24.25, 24.00, 23.00, 23.75, 23.75, 24.00, 24.25, 24.00, 24.00, 23.75, 23.75, 23.75, 23.25, 24.50, 24.50, 24.25, 24.50, 24.25, 23.25, 23.50, 23.75, 24.50, 24.00, 24.00, 24.75, 24.25, 24.25, 23.75, 24.25, 24.25, 24.25, 24.25, 26.00, 25.00, 24.25, 24.00, 24.50, 24.00, 24.25, 23.75, 24.75, 25.50, 1
1019, 0.00, 50.80, 0.00, 24.20, -7, 16, 7, 511, 0, 135, 136, 169, 1.04, -0.03, -0.14, 24.00, 24.00, 23.50, 24.00, 23.75, 23.75, 23.75, 24.75, 23.50, 24.00, 23.75, 23.50, 24.25, 23.50, 23.50, 23.75, 23.25, 23.75, 23.50, 24.75, 24.00, 23.50, 23.75, 24.50, 23.25, 23.75, 23.75, 24.25, 24.50, 24.00, 24.00, 23.00, 24.25, 23.50, 23.50, 24.25, 24.00, 24.00, 24.00, 24.25, 23.25, 23.25, 24.25, 24.50, 24.25, 24.00, 24.50, 24.00, 24.25, 23.75, 24.00, 24.50, 24.25, 24.50, 26.25, 25.00, 24.00, 23.75, 24.25, 24.50, 24.50, 24.00, 25.00, 25.75, 1
1019, 0.00, 50.80, 0.00, 24.20, -4, 12, -10, 501, 0, 134, 135, 168, 1.06, -0.02, -0.14, 24.00, 24.00, 23.75, 24.00, 23.25, 23.75, 23.50, 24.50, 23.75, 24.00, 23.75, 24.00, 24.50, 23.50, 23.50, 23.00, 24.00, 23.75, 23.50, 24.00, 24.00, 23.50, 23.50, 24.50, 23.00, 23.75, 23.75, 24.25, 24.25, 24.50, 23.75, 23.50, 23.25, 23.75, 23.25, 24.00, 23.75, 23.50, 23.75, 24.25, 23.50, 23.50, 23.75, 24.00, 23.75, 24.00, 24.25, 24.25, 23.75, 23.75, 23.75, 24.00, 23.75, 24.00, 26.00, 24.75, 24.00, 24.00, 24.25, 24.25, 24.00, 23.50, 24.00, 25.25, 1
1019, 0.00, 50.80, 0.00, 24.20, 4, 16, 14, 515, 0, 135, 136, 167, 1.02, -0.04, -0.16, 24.00, 24.00, 23.50, 24.00, 23.50, 23.75, 23.50, 25.00, 23.50, 23.50, 23.50, 23.50, 23.75, 23.25, 23.50, 23.25, 23.50, 23.75, 23.25, 24.25, 24.25, 23.50, 24.00, 24.25, 22.75, 23.75, 23.75, 24.00, 24.25, 24.00, 24.00, 23.00, 23.50, 23.25, 23.50, 24.25, 24.00, 23.75, 23.50, 24.00, 23.50, 23.50, 24.00, 24.25, 24.00, 24.25, 24.25, 24.75, 24.00, 23.75, 23.75, 24.50, 24.00, 24.25, 26.25, 25.00, 24.25, 23.75, 24.25, 24.25, 24.00, 24.00, 25.25, 24.75, 1
1019, 0.00, 50.80, 0.00, 24.20, 5, 21, -15, 500, 0, 134, 136, 168, 1.04, -0.03, -0.14, 24.25, 23.75, 23.75, 23.75, 23.50, 23.50, 23.75, 25.00, 23.50, 24.00, 23.75, 24.25, 24.00, 23.25, 23.50, 22.75, 23.25, 23.75, 23.50, 23.75, 24.00, 23.75, 23.75, 24.00, 23.00, 23.75, 23.75, 24.00, 24.50, 23.50, 24.00, 23.50, 23.50, 23.75, 23.50, 24.00, 24.25, 24.00, 24.00, 24.50, 23.25, 23.50, 24.00, 24.00, 23.75, 24.00, 24.75, 24.25, 24.25, 23.50, 23.75, 24.00, 24.00, 24.00, 26.50, 25.25, 24.00, 23.25, 24.00, 23.75, 23.75, 23.50, 25.25, 24.75, 1
1019, 0.00, 50.80, 0.00, 24.20, 123, 144, 15, 515, 0, 136, 136, 168, 1.02, -0.04, -0.15, 23.25, 24.00, 23.00, 23.50, 23.50, 23.00, 23.00, 24.75, 23.25, 23.75, 23.50, 23.75, 23.50, 23.50, 23.25, 23.00, 23.00, 23.25, 23.75, 24.25, 23.75, 23.25, 23.75, 23.75, 23.25, 23.75, 23.50, 23.75, 24.25, 24.00, 24.00, 23.50, 23.50, 23.75, 23.25, 24.00, 24.25, 24.50, 24.00, 24.00, 22.75, 23.00, 24.00, 24.50, 23.75, 24.00, 24.75, 24.50, 24.25, 23.25, 23.75, 24.00, 24.00, 24.50, 26.25, 24.75, 24.00, 23.25, 24.50, 24.25, 23.25, 24.50, 24.50, 25.25, 2
1019, 0.00, 50.80, 0.00, 24.20, -107, 37, -11, 504, 0, 134, 136, 169, 1.05, -0.03, -0.16, 24.25, 23.75, 23.75, 24.00, 24.00, 23.00, 23.50, 25.00, 24.00, 24.00, 23.75, 23.50, 24.00, 23.25, 23.75, 23.25, 23.25, 23.25, 23.75, 24.25, 23.75, 23.50, 23.50, 24.25, 23.25, 23.75, 24.00, 24.00, 24.25, 24.25, 24.00, 23.75, 23.50, 23.50, 23.50, 23.75, 24.25, 24.00, 24.00, 23.75, 22.75, 23.50, 23.25, 24.50, 24.00, 24.25, 24.75, 24.25, 23.75, 23.75, 24.00, 24.25, 24.00, 24.75, 26.25, 25.25, 24.00, 24.25, 24.25, 24.25, 23.75, 23.75, 25.25, 25.25, 2
1019, 0.00, 50.80, 0.00, 24.20, -25, 12, 0, 504, 0, 134, 135, 168, 1.04, -0.03, -0.15, 23.75, 24.25, 23.50, 23.75, 24.00, 23.50, 24.25, 25.25, 24.00, 23.75, 23.50, 24.00, 24.00, 23.50, 23.25, 23.50, 23.50, 23.75, 23.50, 24.25, 24.00, 23.25, 23.75, 24.00, 22.50, 23.75, 23.50, 24.25, 24.50, 24.25, 23.75, 23.25, 23.50, 23.50, 23.50, 24.25, 24.00, 24.00, 24.00, 24.00, 23.25, 23.75, 24.50, 24.25, 24.00, 24.25, 24.50, 24.50, 24.25, 23.50, 23.50, 24.50, 24.00, 24.50, 26.00, 25.25, 24.50, 23.75, 24.25, 24.00, 24.25, 24.00, 25.00, 25.00, 2
1020, 0.10, 50.90, 0.00, 24.20, 112, 124, 10, 514, 0, 135, 136, 167, 1.07, -0.03, -0.14, 23.50, 24.00, 23.75, 23.75, 23.25, 23.50, 24.00, 26.25, 23.50, 24.50, 23.75, 24.00, 24.25, 23.25, 23.25, 23.50, 23.50, 23.75, 23.75, 24.00, 24.00, 23.75, 24.00, 23.75, 23.50, 24.25, 23.75, 24.00, 24.00, 24.25, 24.00, 24.00, 23.50, 23.50, 23.50, 24.25, 24.50, 24.50, 24.00, 23.75, 23.25, 23.50, 24.25, 24.00, 24.00, 24.25, 25.00, 24.50, 24.00, 23.50, 24.00, 24.25, 24.00, 24.25, 26.50, 25.25, 24.25, 23.50, 24.75, 24.25, 24.00, 23.75, 25.00, 24.75, 2
1019, 0.00, 50.90, 0.00, 24.20, -113, 11, -14, 500, 0, 134, 136, 168, 1.04, -0.03, -0.14, 24.25, 24.00, 24.00, 24.00, 23.75, 23.25, 24.00, 25.75, 23.50, 24.00, 23.75, 23.75, 24.25, 23.75, 23.25, 23.50, 23.00, 23.50, 23.75, 24.00, 24.25, 23.50, 23.75, 24.75, 23.00, 23.50, 24.00, 24.00, 24.25, 24.00, 24.00, 23.50, 23.75, 24.25, 24.00, 24.25, 24.50, 24.25, 24.50, 24.00, 23.50, 23.75, 24.00, 24.50, 24.00, 24.25, 25.00, 24.25, 24.00, 24.00, 23.75, 24.50, 24.00, 24.25, 26.50, 25.50, 23.25, 24.50, 24.25, 23.50, 24.00, 23.75, 24.75, 25.25, 2
1019, 0.00, 50.90, 0.00, 24.20, -3, 8, 10, 510, 0, 135, 135, 168, 1.05, -0.04, -0.15, 24.25, 24.50, 23.50, 24.00, 23.50, 23.75, 24.25, 26.25, 23.75, 24.00, 23.75, 23.75, 24.75, 23.75, 23.50, 23.75, 23.75, 23.75, 23.50, 24.50, 24.00, 23.50, 24.50, 24.00, 23.25, 23.75, 24.25, 24.25, 24.00, 24.25, 24.00, 23.75, 23.50, 23.00, 23.50, 24.25, 24.50, 23.75, 24.00, 24.50, 23.00, 23.75, 24.50, 24.00, 24.25, 24.00, 24.50, 24.50, 23.75, 23.50, 24.00, 24.50, 24.00, 24.75, 27.00, 25.50, 24.00, 23.50, 24.00, 24.50, 23.50, 24.25, 25.00, 25.50, 2
1019, 0.10, 51.00, 0.00, 24.20, 1, 9, -7, 503, 0, 134, 136, 168, 1.04, -0.02, -0.14, 23.75, 23.75, 23.75, 23.25, 23.75, 23.50, 24.00, 26.50, 23.75, 24.25, 23.75, 23.75, 23.75, 23.25, 23.50, 23.75, 23.50, 23.75, 23.75, 24.25, 23.50, 23.75, 24.25, 24.00, 23.00, 23.75, 23.50, 24.00, 24.25, 24.25, 23.75, 23.75, 23.50, 23.50, 23.25, 24.00, 24.50, 24.25, 24.00, 24.00, 23.75, 23.50, 24.75, 23.75, 23.75, 24.25, 24.75, 24.75, 24.25, 23.50, 24.25, 24.25, 24.25, 24.25, 26.50, 24.75, 24.25, 23.75, 24.25, 24.00, 24.00, 24.00, 25.25, 25.75, 2
1019, 0.00, 51.00, 0.00, 24.20, 0, 9, 8, 511, 0, 135, 136, 168, 1.04, -0.04, -0.16, 24.25, 23.75, 24.00, 24.25, 24.00, 23.75, 24.25, 27.00, 23.50, 24.25, 23.50, 23.75, 24.25, 23.25, 23.50, 24.00, 22.75, 23.75, 23.75, 23.75, 23.50, 23.50, 23.75, 24.00, 22.75, 23.75, 24.00, 24.00, 24.25, 24.25, 23.50, 23.50, 23.50, 23.50, 23.50, 24.50, 24.25, 24.00, 24.25, 24.50, 23.25, 23.00, 24.50, 24.00, 23.75, 24.25, 25.00, 24.50, 23.50, 23.50, 23.50, 24.25, 24.00, 24.25, 26.50, 24.75, 24.00, 23.75, 24.75, 24.00, 24.25, 24.00, 25.25, 25.25, 1
1019, 0.00, 51.00, 0.00, 24.20, 0, 9, -7, 504, 0, 134, 136, 168, 1.04, -0.03, -0.15, 24.00, 24.25, 23.25, 23.75, 23.50, 23.50, 24.50, 27.00, 24.00, 24.00, 23.75, 23.75, 24.25, 23.00, 24.00, 23.50, 23.75, 23.75, 23.25, 24.50, 23.75, 24.00, 24.00, 24.00, 23.00, 23.50, 23.50, 24.00, 24.00, 24.25, 23.50, 23.50, 23.50, 23.75, 23.25, 24.25, 24.00, 24.00, 24.00, 24.50, 23.00, 23.50, 24.00, 24.25, 23.50, 24.00, 25.25, 24.50, 24.00, 23.50, 23.75, 24.25, 24.00, 24.25, 26.00, 25.75, 24.25, 23.75, 24.75, 24.75, 23.50, 24.25, 25.25, 24.50, 1
1019, 0.00, 51.00, 0.00, 24.20, 8, 17, 3, 507, 0, 135, 135, 168, 1.07, -0.02, -0.15, 23.25, 23.75, 23.75, 23.75, 23.50, 23.25, 24.25, 26.00, 23.25, 24.00, 23.50, 23.75, 24.50, 23.25, 24.00, 23.50, 23.25, 23.75, 23.25, 24.25, 24.25, 23.75, 24.00, 23.75, 23.00, 24.25, 23.75, 23.75, 24.00, 23.75, 24.00, 23.00, 23.25, 23.25, 23.50, 24.00, 24.00, 23.50, 23.75, 24.25, 23.25, 23.25, 24.25, 24.00, 23.75, 24.25, 24.75, 24.50, 24.00, 23.75, 23.50, 24.25, 23.75, 24.25, 26.25, 24.75, 23.50, 23.50, 24.00, 24.00, 24.00, 23.50, 25.00, 24.75, 1
1019, 0.00, 51.00, 0.00, 24.20, 1, 18, 2, 509, 0, 135, 136, 169, 1.04, -0.03, -0.15, 23.75, 24.25, 24.25, 24.00, 23.50, 23.75, 23.75, 25.75, 23.25, 24.00, 23.50, 23.75, 23.75, 23.00, 23.00, 23.00, 23.25, 23.75, 23.50, 24.00, 23.50, 23.75, 24.00, 24.25, 23.25, 24.00, 23.75, 24.00, 23.75, 24.00, 23.75, 23.75, 23.50, 23.50, 23.75, 24.00, 24.50, 24.50, 24.00, 24.00, 23.25, 23.50, 23.75, 24.25, 23.75, 23.75, 24.75, 24.50, 23.75, 23.75, 24.00, 24.75, 23.75, 24.50, 25.75, 25.25, 24.25, 23.75, 24.25, 24.50, 24.00, 24.00, 25.00, 25.50, 1
1019, 0.00, 51.00, 0.00, 24.20, -4, 14, 1, 510, 0, 135, 135, 169, 1.05, -0.03, -0.15, 24.25, 24.00, 23.25, 23.75, 23.25, 24.00, 23.75, 25.50, 24.00, 23.75, 23.50, 23.75, 24.00, 23.50, 23.50, 23.75, 23.25, 23.25, 23.50, 24.25, 23.75, 23.50, 24.25, 24.00, 23.50, 24.00, 23.75, 23.75, 24.50, 24.00, 24.00, 23.50, 23.50, 23.25, 23.25, 23.75, 24.25, 24.00, 24.00, 23.75, 23.00, 23.50, 23.75, 24.00, 23.75, 23.75, 24.75, 24.25, 24.00, 23.75, 23.75, 24.00, 24.00, 24.50, 26.50, 24.75, 24.00, 23.50, 24.25, 24.25, 23.50, 24.00, 25.50, 24.75, 1
1019, 0.00, 51.00, 0.00, 24.20, 22, 36, -2, 508, 0, 135, 136, 167, 1.06, -0.02, -0.13, 24.25, 23.75, 23.25, 24.00, 23.50, 23.75, 23.50, 25.75, 24.00, 23.75, 23.50, 24.00, 24.00, 23.50, 24.00, 23.25, 23.25, 23.75, 23.75, 24.25, 24.25, 23.50, 24.50, 24.00, 23.00, 23.25, 24.25, 24.00, 24.25, 24.00, 24.00, 23.25, 23.25, 23.25, 23.50, 23.75, 24.00, 24.00, 23.75, 24.00, 23.00, 23.50, 23.75, 23.75, 23.75, 24.00, 25.00, 24.00, 24.00, 23.50, 23.75, 24.25, 23.75, 24.00, 26.25, 25.00, 23.75, 23.50, 24.25, 24.00, 23.75, 24.25, 25.00, 24.75, 2
1019, 0.00, 51.00, 0.00, 24.20, -17, 19, 3, 511, 0, 134, 135, 168, 1.04, -0.02, -0.16, 24.00, 24.25, 23.50, 24.25, 23.75, 23.75, 24.00, 26.50, 23.75, 23.75, 23.50, 23.50, 24.25, 23.25, 23.25, 23.25, 23.50, 23.75, 23.25, 24.25, 23.75, 23.50, 23.50, 24.25, 23.25, 23.75, 23.50, 23.75, 24.25, 24.00, 23.75, 23.75, 23.25, 23.50, 23.50, 23.50, 23.75, 24.00, 24.25, 24.00, 23.25, 23.50, 24.00, 23.75, 23.75, 24.25, 25.00, 24.75, 24.00, 24.00, 23.50, 24.50, 24.25, 24.75, 26.50, 25.75, 23.50, 23.50, 24.00, 24.00, 23.50, 24.00, 24.50, 25.25, 2
1019, 0.00, 51.00, 0.00, 24.20, 125, 144, -7, 504, 0, 134, 137, 168, 1.06, -0.02, -0.14, 23.25, 24.00, 23.25, 24.00, 23.50, 23.50, 23.75, 26.75, 23.50, 23.50, 23.50, 24.00, 24.00, 23.25, 23.50, 23.75, 22.75, 23.25, 23.25, 24.00, 24.00, 23.25, 23.75, 24.25, 22.75, 24.00, 23.25, 24.00, 23.75, 24.00, 23.75, 23.50, 23.50, 23.50, 23.25, 24.00, 24.25, 24.25, 23.75, 23.75, 22.75, 23.50, 23.75, 24.00, 23.75, 24.00, 24.50, 24.25, 24.25, 23.00, 23.75, 24.00, 23.75, 24.25, 26.50, 24.75, 24.00, 23.25, 24.25, 24.00, 23.75, 23.25, 25.00, 24.75, 2
1019, 0.00, 51.00, 0.00, 24.20, -92, 52, 3, 507, 0, 135, 135, 168, 1.02, -0.05, -0.14, 23.75, 24.00, 23.25, 23.50, 23.50, 23.50, 23.75, 26.00, 23.50, 23.75, 23.75, 23.75, 24.00, 23.00, 23.25, 23.50, 23.25, 23.50, 23.50, 24.00, 23.75, 23.75, 23.50, 24.00, 23.00, 23.25, 23.75, 23.75, 24.00, 24.00, 23.75, 23.50, 23.25, 23.00, 23.25, 23.75, 24.00, 23.75, 23.75, 24.00, 23.00, 23.25, 23.75, 23.75, 23.75, 24.00, 24.50, 24.00, 23.50, 23.00, 23.75, 24.25, 23.75, 24.00, 26.50, 25.00, 23.75, 23.25, 24.00, 24.25, 24.00, 24.00, 25.25, 24.75, 2
1019, 0.00, 51.00, 0.00, 24.20, -35, 17, 1, 508, 0, 135, 136, 169, 1.04, -0.03, -0.15, 24.00, 24.25, 23.50, 23.75, 23.50, 23.25, 23.50, 26.25, 23.50, 23.75, 23.75, 23.75, 24.75, 23.25, 24.00, 23.50, 23.25, 23.50, 23.50, 24.00, 23.75, 23.75, 23.75, 24.00, 23.00, 23.50, 23.75, 24.00, 24.75, 23.75, 23.50, 23.50, 23.50, 23.25, 23.25, 24.50, 24.25, 24.00, 24.00, 24.00, 23.50, 23.00, 24.00, 24.50, 23.75, 24.25, 24.50, 24.25, 24.00, 23.75, 23.75, 24.25, 24.50, 24.50, 26.50, 25.25, 24.50, 23.50, 24.25, 24.25, 23.75, 24.50, 24.75, 24.75, 2
1019, 0.00, 51.00, 0.00, 24.20, 1, 18, -2, 506, 0, 134, 136, 168, 1.08, -0.01, -0.13, 23.75, 24.50, 23.50, 23.75, 23.25, 23.25, 23.25, 25.75, 23.50, 24.25, 23.50, 23.50, 24.25, 23.00, 23.00, 22.75, 23.25, 23.25, 23.25, 24.25, 23.75, 23.75, 23.50, 24.25, 23.00, 23.50, 24.25, 24.00, 24.50, 24.00, 24.00, 23.50, 23.00, 23.50, 22.75, 24.00, 24.00, 24.25, 24.00, 24.25, 23.75, 23.50, 24.25, 24.25, 23.50, 24.00, 24.50, 23.25, 24.00, 23.75, 24.00, 24.25, 23.75, 24.25, 26.00, 25.00, 23.75, 23.25, 24.00, 24.00, 23.50, 24.25, 24.50, 25.00, 2
1019, 0.00, 51.00, 0.00, 24.20, 128, 146, 7, 513, 0, 135, 136, 169, 1.04, -0.05, -0.15, 23.75, 24.00, 23.50, 23.75, 23.75, 23.25, 23.75, 26.00, 23.75, 24.00, 24.00, 24.00, 24.00, 23.25, 23.00, 23.50, 23.25, 23.75, 23.50, 24.00, 24.00, 23.50, 23.75, 24.00, 22.75, 23.50, 23.75, 24.00, 24.00, 23.75, 23.75, 23.75, 24.00, 23.50, 23.00, 24.00, 24.00, 23.75, 24.00, 24.50, 23.00, 23.75, 23.75, 24.00, 23.75, 24.00, 25.00, 24.25, 24.00, 24.00, 24.00, 24.50, 24.25, 24.75, 26.25, 25.75, 23.50, 23.50, 24.25, 24.25, 23.25, 24.25, 24.75, 25.00, 2
1019, 0.00, 51.00, 0.00, 24.20, -138, 8, -13, 500, 0, 134, 136, 168, 1.04, -0.03, -0.14, 24.50, 24.25, 23.50, 23.75, 23.75, 23.50, 23.75, 26.50, 23.50, 24.00, 23.75, 23.75, 24.25, 23.50, 23.75, 23.25, 23.50, 23.75, 23.50, 25.00, 23.50, 23.00, 23.75, 24.50, 22.75, 24.00, 23.50, 24.25, 24.50, 24.00, 24.00, 23.50, 23.25, 23.75, 23.75, 24.25, 24.25, 24.25, 24.25, 24.25, 23.00, 23.50, 24.00, 24.00, 24.00, 24.00, 25.00, 24.50, 24.25, 23.75, 23.75, 24.25, 24.25, 24.00, 27.25, 25.25, 23.75, 23.75, 24.75, 24.00, 23.50, 23.50, 25.25, 25.00, 2
1019, 0.00, 51.00, 0.00, 24.20, 1, 9, 16, 516, 0, 135, 135, 167, 1.03, -0.04, -0.13, 24.00, 24.25, 23.25, 23.50, 23.50, 23.50, 23.75, 27.00, 23.75, 23.50, 24.00, 24.00, 24.00, 23.25, 23.00, 23.00, 23.25, 23.25, 23.75, 24.00, 24.00, 23.75, 23.75, 24.50, 23.00, 23.50, 23.75, 24.00, 24.00, 23.75, 24.00, 23.75, 23.00, 23.50, 23.50, 24.25, 24.25, 24.00, 23.75, 24.00, 23.25, 23.50, 23.75, 23.75, 24.25, 24.00, 24.50, 24.25, 24.00, 23.00, 24.25, 24.50, 24.25, 24.25, 26.75, 24.75, 23.50, 23.50, 24.00, 24.00, 23.25, 24.25, 25.00, 24.75, 2
1019, 0.00, 51.00, 0.00, 24.20, -1, 8, -14, 502, 0, 134, 136, 169, 1.04, -0.03, -0.14, 23.50, 24.25, 23.75, 23.50, 24.00, 23.50, 24.00, 26.50, 23.50, 24.00, 24.00, 23.50, 24.25, 23.50, 23.50, 23.50, 23.50, 23.75, 23.50, 24.25, 23.75, 23.50, 24.00, 24.25, 23.00, 24.00, 23.50, 24.25, 24.75, 24.25, 23.75, 23.50, 23.50, 23.50, 23.50, 24.00, 23.75, 24.25, 24.00, 24.25, 23.25, 23.25, 23.75, 24.25, 24.00, 24.00, 24.75, 24.50, 24.50, 23.50, 23.75, 23.75, 23.75, 24.00, 26.50, 24.25, 24.00, 23.75, 24.50, 24.25, 24.00, 24.00, 24.75, 25.50, 2
1019, 0.00, 51.00, 0.00, 24.20, 0, 8, 12, 514, 0, 135, 135, 168, 1.04, -0.03, -0.15, 24.25, 23.75, 24.00, 23.75, 23.75, 24.00, 24.00, 26.50, 23.75, 23.75, 24.00, 24.00, 24.25, 23.50, 23.75, 23.25, 23.50, 23.75, 23.25, 24.25, 24.00, 23.75, 24.00, 24.00, 23.25, 23.75, 24.25, 24.25, 24.50, 24.00, 24.00, 23.25, 23.75, 23.75, 23.50, 24.25, 24.25, 24.00, 24.25, 24.50, 22.75, 24.25, 24.25, 24.50, 24.00, 24.25, 25.00, 24.50, 23.75, 23.50, 24.25, 24.25, 24.50, 24.50, 26.25, 25.50, 24.00, 24.25, 24.75, 24.00, 24.00, 24.00, 25.50, 25.00, 1
1019, 0.00, 51.00, 0.00, 24.20, 0, 8, -12, 502, 0, 135, 137, 168, 1.04, -0.03, -0.14, 24.00, 23.75, 24.00, 24.00, 23.50, 23.50, 24.25, 26.00, 23.25, 24.00, 23.75, 24.00, 24.00, 23.25, 23.50, 23.00, 23.50, 23.75, 23.50, 24.50, 24.00, 23.75, 23.75, 24.25, 22.50, 23.50, 23.75, 24.00, 24.50, 24.25, 23.75, 23.50, 23.50, 23.50, 23.50, 23.75, 24.00, 24.50, 24.25, 24.00, 23.25, 23.50, 24.00, 24.25, 23.50, 24.25, 24.50, 24.75, 24.00, 23.50, 23.75, 23.75, 24.00, 24.00, 26.50, 25.50, 23.75, 23.75, 24.25, 24.75, 23.75, 23.75, 25.25, 25.00, 1
1019, -0.10, 50.90, 0.00, 24.20, 0, 8, 8, 510, 0, 135, 136, 168, 1.05, -0.04, -0.16, 23.75, 24.25, 23.75, 23.75, 23.75, 23.50, 24.25, 26.00, 23.75, 24.25, 23.50, 23.75, 24.00, 23.50, 23.50, 23.50, 23.50, 24.00, 23.50, 24.25, 24.00, 23.50, 24.00, 24.00, 23.25, 23.50, 23.75, 24.25, 24.50, 24.00, 23.50, 23.75, 23.25, 23.50, 23.25, 24.00, 24.00, 24.25, 24.00, 24.25, 23.50, 23.50, 24.00, 23.75, 24.00, 24.25, 25.00, 24.50, 24.00, 23.50, 24.00, 24.25, 24.50, 24.75, 26.50, 24.75, 24.00, 24.00, 23.50, 24.25, 24.25, 24.00, 25.25, 25.75, 1
1019, 0.00, 50.90, 0.00, 24.20, -1, 7, -5, 505, 0, 135, 136, 167, 1.06, -0.03, -0.15, 23.75, 24.00, 23.50, 23.50, 23.50, 23.25, 23.50, 26.25, 23.50, 23.75, 23.75, 23.50, 24.50, 23.50, 23.00, 23.50, 23.75, 24.00, 23.50, 24.00, 24.25, 23.50, 23.75, 24.25, 23.25, 23.75, 23.75, 24.50, 24.50, 24.00, 23.50, 23.50, 23.50, 23.50, 23.75, 24.50, 24.25, 24.00, 24.25, 24.50, 23.00, 23.25, 24.00, 24.50, 24.25, 24.00, 24.75, 24.25, 24.00, 24.25, 23.50, 23.75, 23.75, 24.50, 26.25, 25.50, 24.00, 23.50, 24.50, 25.00, 24.00, 24.25, 25.25, 25.50, 1
1019, 0.00, 50.90, 0.00, 24.20, 1, 8, 5, 510, 0, 135, 136, 168, 1.04, -0.03, -0.15, 23.50, 24.00, 23.75, 23.75, 23.75, 23.50, 24.00, 26.00, 23.50, 24.25, 23.75, 23.50, 24.50, 23.00, 23.00, 23.00, 23.25, 23.50, 23.75, 23.75, 23.75, 23.50, 24.00, 24.00, 23.00, 23.75, 24.00, 24.00, 24.50, 24.00, 24.00, 23.50, 23.75, 24.00, 23.00, 24.25, 24.00, 24.00, 23.75, 24.25, 22.75, 23.25, 24.25, 24.25, 23.75, 24.50, 24.75, 24.75, 23.75, 23.50, 24.00, 24.00, 24.00, 24.00, 26.50, 25.00, 24.00, 23.50, 24.75, 24.00, 24.25, 23.50, 24.75, 25.00, 1
1019, 0.00, 50.90, 0.00, 24.20, 82, 90, -2, 508, 0, 134, 135, 168, 1.05, -0.02, -0.15, 24.00, 24.00, 23.50, 23.75, 23.75, 23.50, 24.50, 25.75, 23.50, 23.75, 23.50, 23.75, 24.25, 23.25, 23.75, 22.75, 23.25, 23.75, 23.75, 24.00, 23.75, 23.75, 24.00, 24.00, 23.00, 23.50, 24.00, 23.75, 24.25, 24.00, 24.00, 23.25, 23.75, 23.75, 23.50, 24.25, 24.00, 24.25, 23.75, 24.00, 23.50, 23.25, 24.00, 24.00, 24.25, 24.25, 24.75, 24.00, 23.75, 24.00, 24.25, 24.50, 23.75, 25.00, 26.25, 25.25, 24.25, 23.75, 24.50, 24.00, 23.75, 24.00, 25.00, 25.25, 2
1019, 0.00, 50.90, 0.00, 24.20, -58, 32, -1, 507, 0, 134, 135, 168, 1.05, -0.03, -0.14, 24.25, 23.75, 23.75, 23.75, 23.50, 23.50, 23.50, 25.25, 23.25, 23.75, 23.75, 24.00, 24.75, 23.50, 23.75, 23.50, 23.25, 23.75, 23.50, 24.25, 23.75, 23.75, 24.00, 24.00, 23.25, 23.75, 23.75, 24.00, 24.25, 24.00, 23.50, 23.00, 24.00, 23.50, 23.50, 24.25, 24.00, 23.75, 24.00, 24.25, 23.00, 23.50, 24.25, 24.00, 23.75, 24.25, 25.00, 25.25, 24.00, 23.75, 24.00, 24.25, 24.00, 23.75, 26.75, 25.00, 24.25, 24.00, 24.00, 24.25, 24.25, 24.25, 24.75, 24.75, 2
1019, 0.00, 50.90, 0.00, 24.20, -10, 22, 6, 513, 0, 136, 135, 168, 1.04, -0.03, -0.15, 24.25, 24.00, 23.75, 23.75, 23.50, 24.00, 23.25, 23.50, 23.75, 23.75, 23.50, 23.75, 24.50, 23.75, 24.00, 23.50, 23.00, 23.75, 23.50, 24.25, 24.00, 23.75, 23.50, 24.00, 23.25, 24.00, 24.25, 24.00, 24.75, 24.25, 24.00, 24.25, 24.50, 23.75, 23.75, 24.25, 24.25, 24.50, 24.00, 24.50, 23.25, 23.50, 24.00, 24.00, 24.00, 24.00, 25.00, 25.00, 23.75, 23.75, 24.00, 24.00, 24.00, 24.50, 26.50, 25.25, 23.75, 23.50, 24.50, 24.50, 24.00, 24.25, 25.00, 24.75, 2
1019, 0.00, 50.90, 0.00, 24.20, -9, 13, -9, 504, 0, 134, 135, 168, 1.01, -0.05, -0.16, 24.25, 23.75, 23.75, 23.75, 23.50, 22.75, 23.50, 24.25, 23.75, 24.25, 24.25, 23.25, 24.50, 23.00, 23.50, 23.25, 24.00, 23.75, 23.50, 24.00, 24.00, 23.50, 24.00, 23.50, 23.25, 23.50, 24.00, 24.25, 24.25, 24.00, 24.00, 23.50, 23.50, 23.50, 23.50, 24.25, 24.25, 24.00, 24.00, 24.25, 22.75, 23.50, 24.00, 23.75, 23.75, 23.75, 25.00, 24.25, 24.25, 23.50, 24.00, 24.25, 24.25, 24.25, 26.50, 25.00, 24.25, 23.75, 24.50, 24.50, 23.75, 23.75, 25.00, 24.50, 2
1019, 0.00, 50.90, 0.00, 24.20, 44, 57, 9, 513, 0, 135, 136, 169, 1.04, -0.03, -0.14, 24.00, 24.25, 23.75, 24.25, 23.50, 23.75, 24.00, 25.25, 23.75, 24.25, 24.25, 23.75, 24.50, 23.50, 23.50, 23.00, 23.00, 23.75, 23.75, 24.00, 23.75, 23.50, 24.00, 23.75, 23.50, 23.75, 23.75, 24.00, 24.75, 24.25, 24.00, 24.00, 23.75, 23.25, 23.25, 24.25, 24.25, 24.00, 24.00, 24.75, 23.75, 24.25, 24.25, 24.50, 24.25, 24.25, 24.75, 24.75, 24.25, 23.50, 24.25, 24.75, 24.00, 24.25, 26.75, 25.25, 24.25, 23.75, 24.50, 24.25, 24.00, 24.50, 25.50, 25.00, 2
1019, 0.00, 50.90, 0.00, 24.20, 56, 113, -10, 503, 0, 134, 136, 168, 1.05, -0.03, -0.13, 24.25, 24.25, 23.25, 24.25, 23.50, 23.25, 23.75, 24.75, 23.25, 23.50, 23.50, 24.00, 24.00, 23.25, 24.00, 23.00, 23.50, 23.75, 23.25, 24.50, 23.75, 23.75, 23.75, 23.75, 23.25, 23.75, 23.50, 24.25, 24.50, 23.75, 23.75, 23.75, 23.75, 24.00, 23.75, 24.00, 24.00, 24.50, 23.75, 24.00, 23.25, 23.25, 24.00, 24.00, 23.75, 23.75, 24.75, 24.50, 24.50, 23.50, 23.75, 24.25, 23.75, 24.25, 26.50, 24.50, 23.75, 23.50, 24.25, 24.25, 23.75, 23.75, 24.75, 25.00, 2
1019, 0.00, 50.90, 0.00, 24.20, 46, 159, 12, 515, 0, 136, 135, 169, 1.01, -0.04, -0.17, 24.00, 24.25, 23.75, 23.75, 23.50, 23.75, 23.75, 24.75, 23.50, 24.00, 24.00, 24.25, 23.75, 23.50, 23.25, 23.50, 23.00, 23.75, 23.75, 24.50, 24.25, 23.50, 23.75, 24.25, 23.50, 24.00, 23.75, 24.25, 24.25, 24.00, 24.00, 23.50, 23.75, 23.50, 23.75, 24.25, 24.25, 24.25, 23.75, 24.25, 23.00, 23.50, 24.00, 24.25, 24.00, 24.00, 25.25, 24.50, 24.00, 24.00, 24.00, 24.00, 24.00, 24.50, 26.25, 24.50, 24.00, 24.00, 24.25, 24.25, 23.75, 24.00, 25.25, 24.75, 2
1019, 0.00, 50.90, 0.00, 24.20, -20, 139, -8, 507, 0, 134, 136, 168, 1.04, -0.03, -0.15, 23.75, 24.25, 23.75, 23.50, 23.50, 23.50, 23.50, 24.25, 23.25, 24.00, 23.75, 24.00, 24.25, 23.50, 23.25, 23.25, 23.50, 23.75, 23.75, 24.25, 23.75, 24.00, 23.50, 24.50, 23.00, 24.00, 23.75, 24.50, 24.50, 24.00, 23.75, 24.00, 23.50, 23.50, 23.50, 24.50, 24.00, 23.75, 24.00, 24.25, 23.50, 23.75, 24.00, 24.00, 23.75, 24.00, 25.00, 24.75, 24.00, 23.50, 24.25, 24.50, 24.00, 24.00, 27.00, 25.25, 24.00, 23.75, 24.50, 24.50, 24.50, 24.25, 25.00, 24.75, 2
1019, 0.00, 50.90, 0.00, 24.20, -128, 11, 1, 508, 0, 135, 135, 169, 1.05, -0.03, -0.15, 23.50, 24.00, 23.25, 24.00, 23.50, 23.25, 23.00, 24.25, 23.50, 24.00, 23.50, 23.75, 23.75, 23.00, 23.50, 23.25, 23.00, 23.25, 23.50, 24.00, 24.00, 23.25, 23.75, 24.00, 22.75, 23.25, 23.75, 23.75, 24.00, 24.00, 23.75, 23.50, 23.75, 23.75, 23.25, 24.00, 23.75, 24.25, 23.50, 24.00, 23.00, 23.50, 23.75, 24.00, 23.50, 23.75, 24.75, 24.00, 24.25, 23.50, 23.75, 24.25, 23.75, 24.25, 26.50, 24.50, 23.50, 23.75, 24.25, 24.25, 23.75, 23.75, 24.75, 24.50, 2
1019, 0.00, 50.90, 0.00, 24.20, 9, 20, 4, 512, 0, 135, 135, 169, 1.00, -0.04, -0.18, 23.75, 24.00, 23.25, 23.50, 23.25, 23.25, 23.25, 24.50, 24.00, 24.25, 23.50, 23.50, 23.75, 22.75, 23.25, 22.75, 23.00, 23.50, 23.00, 24.00, 23.50, 23.25, 23.75, 23.75, 23.00, 23.75, 23.25, 23.75, 24.25, 23.75, 23.00, 23.50, 24.00, 23.50, 23.25, 24.00, 24.00, 24.00, 23.75, 23.75, 22.75, 23.25, 23.75, 24.00, 23.50, 24.00, 24.75, 24.00, 24.50, 23.00, 23.50, 24.25, 24.00, 24.00, 26.25, 24.75, 24.50, 24.00, 24.00, 24.00, 23.25, 24.25, 24.50, 25.00, 2
1019, 0.00, 50.90, 0.00, 24.20, -11, 9, -8, 504, 0, 134, 135, 168, 1.04, -0.03, -0.16, 24.00, 24.00, 23.25, 24.00, 23.50, 23.25, 23.50, 25.00, 23.25, 23.75, 23.50, 23.50, 24.00, 23.25, 23.00, 22.75, 23.00, 23.75, 23.00, 24.00, 24.00, 23.25, 23.50, 23.75, 22.50, 24.00, 23.50, 23.75, 24.00, 24.00, 23.75, 23.75, 23.50, 23.25, 23.00, 24.00, 24.00, 23.75, 23.75, 23.75, 23.00, 23.75, 24.00, 24.25, 23.25, 24.00, 24.50, 24.50, 24.00, 23.75, 24.00, 24.25, 23.25, 24.25, 26.50, 25.75, 23.75, 24.00, 24.50, 24.00, 23.50, 23.75, 25.25, 25.50, 2
1019, 0.00, 50.90, 0.00, 24.20, 0, 9, 9, 513, 0, 135, 135, 169, 1.05, -0.04, -0.15, 23.75, 24.00, 23.50, 24.00, 23.25, 23.25, 23.25, 25.25, 23.75, 23.75, 24.00, 23.50, 23.75, 23.25, 23.00, 23.00, 23.50, 23.00, 23.25, 24.25, 23.75, 23.50, 23.25, 24.00, 23.00, 23.25, 23.50, 24.00, 24.50, 23.75, 23.50, 23.25, 23.00, 23.25, 23.25, 23.75, 24.50, 24.25, 23.50, 24.00, 23.25, 23.00, 23.50, 24.00, 23.25, 23.75, 24.50, 24.00, 24.25, 23.75, 23.25, 24.25, 23.50, 24.50, 26.50, 25.25, 23.75, 23.50, 24.50, 24.00, 23.75, 24.00, 24.75, 25.25, 1
1019, 0.00, 50.90, 0.00, 24.20, -1, 8, -7, 506, 0, 135, 136, 168, 1.04, -0.03, -0.14, 23.50, 23.50, 23.50, 24.00, 23.50, 23.25, 23.25, 26.75, 23.75, 23.75, 23.25, 23.25, 24.00, 23.00, 23.50, 24.00, 23.25, 23.25, 23.00, 23.50, 23.75, 23.50, 23.25, 23.75, 23.00, 23.50, 23.50, 23.75, 23.75, 23.75, 23.50, 23.25, 23.00, 23.25, 23.00, 24.00, 23.75, 23.50, 23.50, 23.75, 22.75, 23.25, 24.00, 23.75, 23.75, 24.25, 24.25, 24.00, 23.50, 23.50, 23.75, 24.25, 23.50, 24.00, 26.25, 24.75, 23.50, 23.75, 24.00, 24.25, 23.50, 23.75, 24.75, 24.75, 1
1019, 0.00, 50.90, 0.00, 24.20, 0, 8, 7, 513, 0, 135, 136, 168, 1.05, -0.04, -0.15, 24.00, 23.75, 23.25, 23.50, 23.75, 23.25, 23.00, 24.00, 23.25, 23.50, 23.50, 24.00, 24.00, 23.25, 23.50, 23.50, 23.25, 23.50, 23.75, 23.75, 23.75, 23.25, 23.75, 23.75, 23.25, 23.75, 23.75, 23.75, 24.25, 23.50, 24.25, 23.75, 23.25, 23.25, 23.75, 24.00, 24.00, 24.25, 23.75, 24.25, 23.50, 23.50, 23.50, 24.00, 23.75, 24.25, 24.75, 24.75, 23.25, 23.50, 23.75, 24.50, 24.00, 24.50, 26.75, 25.50, 23.75, 23.75, 24.75, 24.25, 23.25, 24.00, 25.25, 25.00, 1
1019, 0.00, 50.90, 0.00, 24.20, 1, 9, -7, 506, 0, 134, 136, 168, 1.05, -0.03, -0.15, 23.50, 23.75, 23.25, 23.75, 23.50, 23.50, 23.25, 23.75, 23.50, 24.00, 23.75, 23.75, 24.00, 23.50, 23.50, 22.75, 23.00, 23.75, 23.50, 24.25, 23.50, 23.50, 23.75, 24.25, 22.75, 23.50, 23.50, 23.75, 24.00, 23.75, 23.50, 23.75, 23.25, 23.50, 23.00, 24.00, 24.00, 23.75, 24.00, 23.75, 22.75, 23.50, 23.75, 23.75, 23.75, 24.00, 24.75, 24.50, 24.25, 23.00, 23.75, 24.00, 23.75, 24.00, 26.50, 25.25, 23.50, 23.00, 23.75, 23.75, 23.25, 24.25, 25.50, 25.00, 1
1019, 0.00, 50.90, 0.00, 24.20, 93, 102, 10, 516, 0, 135, 135, 169, 1.08, -0.01, -0.13, 24.25, 23.50, 23.25, 24.00, 23.75, 23.00, 23.75, 23.75, 23.50, 24.00, 23.75, 24.00, 24.00, 23.50, 23.25, 23.00, 23.25, 23.25, 23.50, 24.00, 23.75, 23.50, 24.25, 24.00, 23.25, 23.75, 23.75, 23.75, 24.25, 24.25, 24.00, 23.50, 23.50, 23.50, 23.25, 24.00, 23.75, 24.25, 24.00, 24.00, 23.50, 23.25, 24.00, 23.50, 23.75, 24.00, 24.75, 24.00, 23.75, 23.75, 23.25, 24.25, 23.75, 24.75, 26.50, 25.00, 24.00, 23.75, 24.75, 24.25, 23.75, 24.25, 25.50, 24.75, 2
1019, 0.00, 50.90, 0.00, 24.20, -71, 31, -14, 502, 0, 134, 136, 168, 1.04, -0.03, -0.15, 23.50, 24.00, 23.50, 23.75, 23.75, 23.50, 23.25, 23.75, 23.50, 23.75, 23.75, 24.25, 24.00, 23.25, 23.50, 23.25, 23.50, 24.25, 23.50, 24.25, 23.75, 23.75, 23.75, 24.50, 23.50, 23.75, 23.50, 24.25, 24.50, 24.00, 23.75, 23.75, 23.75, 23.50, 23.75, 24.00, 23.75, 24.25, 24.00, 24.00, 23.50, 24.00, 23.75, 24.00, 23.75, 24.00, 25.25, 25.00, 24.00, 23.75, 24.25, 24.00, 24.00, 24.75, 26.75, 25.25, 23.75, 23.50, 24.50, 24.25, 24.00, 24.25, 25.25, 25.25, 2
1019, 0.00, 50.90, 0.00, 24.20, -15, 16, 11, 513, 0, 134, 136, 168, 1.09, -0.01, -0.12, 23.50, 24.00, 23.25, 23.50, 23.50, 23.25, 23.00, 24.50, 23.50, 23.75, 23.25, 23.50, 24.00, 23.25, 23.50, 22.75, 23.00, 23.50, 23.50, 24.00, 23.75, 23.25, 23.75, 24.00, 23.00, 23.50, 24.00, 23.75, 24.25, 24.00, 23.75, 23.00, 23.50, 23.50, 23.50, 24.50, 24.00, 24.00, 24.00, 24.00, 23.75, 23.25, 24.00, 24.25, 24.25, 23.75, 24.25, 24.50, 23.75, 22.75, 23.50, 24.25, 24.00, 24.00, 26.50, 25.25, 23.75, 23.50, 24.25, 23.75, 23.50, 23.75, 25.25, 25.25, 2
1019, 0.00, 50.90, 0.00, 24.20, 4, 20, -5, 508, 0, 134, 137, 168, 1.08, -0.03, -0.13, 23.75, 24.00, 23.25, 23.75, 23.25, 23.50, 23.25, 23.25, 23.50, 24.25, 23.50, 23.75, 24.25, 23.25, 23.25, 23.50, 23.50, 23.75, 23.50, 24.00, 24.00, 23.50, 23.50, 23.75, 22.75, 23.25, 23.50, 23.75, 24.00, 23.75, 23.50, 23.25, 23.25, 23.75, 23.25, 24.00, 24.25, 24.00, 24.00, 24.50, 23.00, 23.50, 23.75, 24.00, 24.25, 24.25, 24.50, 24.25, 23.75, 23.75, 23.75, 24.25, 24.00, 24.25, 25.75, 24.75, 24.00, 23.75, 24.00, 24.25, 23.75, 23.75, 24.50, 24.75, 2
1019, 0.00, 50.90, 0.00, 24.20, 19, 39, 3, 511, 0, 134, 136, 168, 1.04, -0.03, -0.15, 23.75, 24.50, 23.75, 23.75, 23.75, 23.50, 23.75, 24.00, 24.00, 23.75, 24.50, 23.50, 24.00, 23.25, 23.50, 23.75, 23.50, 24.00, 23.75, 24.25, 24.00, 23.50, 24.00, 24.00, 23.00, 23.75, 23.75, 23.75, 24.25, 24.00, 23.75, 24.00, 23.75, 24.00, 24.00, 24.00, 24.25, 24.25, 24.00, 24.00, 23.00, 23.25, 23.75, 24.25, 24.00, 24.25, 25.00, 25.00, 24.25, 23.50, 23.75, 24.00, 23.75, 24.00, 26.00, 25.25, 25.00, 24.25, 24.25, 24.75, 23.75, 24.25, 25.00, 25.25, 2
1019, 0.00, 50.90, 0.00, 24.20, -12, 27, -4, 507, 0, 134, 136, 167, 1.00, -0.05, -0.16, 24.25, 24.00, 23.50, 23.75, 23.50, 23.00, 23.25, 23.75, 23.25, 23.50, 23.50, 23.75, 24.00, 23.50, 23.50, 23.00, 23.25, 23.50, 23.50, 24.25, 24.25, 23.50, 23.75, 24.25, 23.00, 23.75, 23.75, 24.25, 24.25, 24.25, 23.50, 23.50, 23.25, 23.50, 23.50, 24.25, 24.25, 24.00, 24.00, 24.25, 22.75, 23.50, 24.00, 24.00, 23.75, 24.00, 24.50, 24.25, 23.75, 24.00, 23.75, 23.75, 24.25, 24.25, 26.50, 25.50, 23.75, 24.00, 24.00, 24.00, 24.00, 24.25, 25.25, 25.50, 2
1019, 0.00, 50.90, 0.00, 24.20, 122, 149, -3, 504, 0, 135, 135, 168, 1.01, -0.04, -0.17, 24.00, 24.00, 23.50, 24.00, 23.50, 23.25, 23.25, 23.25, 23.50, 24.00, 23.25, 23.50, 23.75, 23.25, 23.25, 22.75, 23.50, 23.25, 23.50, 23.50, 24.25, 23.50, 23.50, 24.00, 23.00, 23.25, 24.00, 23.75, 24.25, 24.00, 24.00, 23.50, 23.75, 23.75, 23.75, 24.00, 24.00, 24.25, 24.00, 24.00, 23.25, 23.25, 24.00, 24.00, 23.50, 24.25, 24.75, 24.75, 24.25, 23.50, 23.75, 24.00, 23.75, 24.00, 26.50, 25.25, 24.00, 23.75, 24.25, 24.50, 23.75, 23.75, 25.25, 24.75, 2
1019, 0.00, 50.90, 0.00, 24.20, -137, 12, 13, 517, 0, 135, 135, 168, 1.04, -0.03, -0.15, 23.75, 24.00, 23.75, 24.00, 23.75, 23.25, 23.00, 23.75, 23.25, 23.25, 24.00, 23.25, 24.00, 23.25, 23.25, 23.00, 23.00, 23.75, 23.75, 24.00, 24.00, 23.50, 24.25, 24.00, 23.25, 23.50, 24.00, 24.00, 24.25, 24.25, 24.00, 23.50, 23.50, 23.25, 23.25, 24.00, 24.00, 24.00, 24.25, 24.25, 23.25, 23.50, 24.00, 24.25, 24.00, 23.75, 24.50, 24.50, 24.00, 23.00, 23.75, 23.75, 23.75, 24.00, 26.50, 25.00, 24.25, 24.25, 24.25, 24.25, 23.50, 24.50, 25.00, 25.50, 2
1019, 0.00, 50.90, 0.00, 24.20, 7, 19, -15, 502, 0, 134, 136, 168, 1.07, -0.02, -0.14, 23.50, 24.00, 23.25, 23.75, 23.50, 23.50, 23.25, 23.50, 24.00, 23.75, 23.50, 23.75, 24.00, 23.25, 23.50, 23.50, 23.25, 23.50, 23.75, 24.25, 24.25, 23.75, 23.75, 24.25, 23.25, 23.75, 23.50, 24.25, 24.50, 23.75, 24.00, 23.50, 23.50, 23.50, 23.25, 24.00, 24.25, 24.00, 24.25, 24.00, 23.25, 23.50, 24.00, 24.00, 24.00, 24.00, 24.75, 24.25, 23.75, 23.75, 23.75, 24.25, 24.00, 24.50, 26.00, 25.50, 24.00, 24.00, 24.25, 24.50, 23.75, 24.00, 24.50, 25.00, 2
1019, 0.00, 50.90, 0.00, 24.20, 5, 24, 14, 516, 0, 135, 135, 168, 1.06, -0.03, -0.14, 24.25, 24.00, 23.50, 24.00, 23.75, 23.25, 23.50, 24.00, 23.50, 24.00, 23.50, 24.00, 24.00, 23.00, 23.75, 23.50, 23.00, 23.75, 23.75, 23.75, 23.50, 23.50, 24.00, 24.00, 22.75, 23.50, 24.00, 24.00, 24.25, 23.75, 24.00, 23.25, 23.50, 23.25, 22.75, 24.00, 24.00, 24.00, 24.00, 24.25, 23.50, 23.75, 23.75, 23.75, 23.75, 23.75, 24.75, 24.00, 24.00, 23.25, 24.00, 24.00, 23.50, 24.25, 26.00, 24.50, 24.50, 23.00, 25.00, 24.00, 23.75, 24.00, 25.00, 24.75, 2
1019, 0.00, 50.90, 0.00, 24.20, -16, 8, -13, 503, 0, 134, 135, 169, 1.04, -0.03, -0.14, 23.75, 24.00, 23.75, 24.50, 23.75, 23.50, 23.75, 24.00, 23.00, 23.75, 23.75, 24.00, 24.25, 23.75, 23.00, 23.25, 23.25, 23.75, 23.25, 24.25, 23.75, 23.50, 24.00, 24.25, 22.75, 23.75, 23.50, 24.00, 24.00, 24.00, 23.50, 23.75, 23.50, 23.75, 23.75, 23.75, 24.25, 24.50, 24.00, 24.25, 23.50, 23.75, 24.00, 24.00, 23.75, 24.00, 25.25, 24.50, 24.00, 23.75, 23.50, 24.00, 23.75, 24.25, 26.50, 25.00, 23.75, 23.75, 24.25, 24.25, 23.50, 24.00, 25.00, 25.00, 1
1019, 0.00, 50.90, 0.00, 24.20, 0, 8, 8, 511, 0, 135, 135, 168, 1.04, -0.02, -0.15, 23.75, 24.00, 23.75, 23.75, 23.50, 23.50, 23.50, 24.00, 23.25, 23.75, 23.25, 23.75, 23.75, 23.00, 23.50, 23.25, 23.00, 23.50, 23.25, 23.75, 23.50, 23.50, 23.75, 24.25, 23.25, 23.50, 23.50, 24.00, 24.00, 24.00, 23.75, 23.50, 23.50, 23.25, 23.25, 24.00, 23.75, 24.00, 23.75, 24.50, 23.25, 23.50, 24.00, 24.00, 23.75, 24.25, 24.75, 24.75, 24.00, 23.50, 23.75, 24.25, 23.75, 24.00, 26.00, 25.00, 23.75, 23.25, 24.25, 23.50, 23.50, 23.75, 24.25, 25.25, 1
1019, -0.10, 50.80, 0.00, 24.20, 2, 10, -5, 506, 0, 134, 136, 169, 1.04, -0.03, -0.15, 23.75, 23.75, 23.25, 23.75, 23.50, 23.50, 23.00, 23.75, 23.25, 23.50, 23.25, 23.75, 23.75, 23.25, 23.50, 23.25, 23.25, 23.50, 23.50, 24.00, 24.25, 23.75, 23.50, 24.00, 23.00, 23.50, 24.00, 24.00, 24.50, 23.75, 24.00, 23.50, 23.00, 23.25, 23.25, 24.00, 23.75, 23.75, 23.50, 24.25, 22.75, 23.00, 23.75, 23.50, 24.00, 23.75, 24.50, 24.25, 24.00, 23.75, 23.75, 24.00, 24.00, 24.00, 26.00, 25.00, 23.75, 23.75, 24.00, 24.00, 23.75, 23.75, 24.50, 25.00, 1
1019, 0.00, 50.80, 0.00, 24.20, 16, 26, 6, 512, 0, 135, 135, 168, 1.02, -0.05, -0.16, 24.00, 24.25, 23.75, 24.25, 23.50, 23.00, 23.75, 24.00, 23.75, 24.00, 23.50, 23.50, 23.75, 24.00, 23.25, 23.00, 23.50, 23.75, 23.75, 24.25, 24.00, 23.75, 24.00, 24.25, 23.50, 23.75, 23.50, 24.00, 24.25, 24.25, 24.00, 23.50, 23.50, 23.75, 23.25, 24.00, 24.25, 24.00, 23.50, 23.75, 23.00, 23.75, 24.00, 24.00, 23.75, 24.00, 25.00, 23.75, 24.00, 23.50, 24.00, 24.75, 23.75, 24.00, 26.00, 25.25, 24.00, 23.50, 24.75, 24.25, 23.50, 23.75, 25.00, 24.75, 1
1019, 0.00, 50.80, 0.00, 24.20, -6, 20, -6, 506, 0, 134, 136, 169, 1.04, -0.03, -0.15, 23.75, 24.00, 23.75, 24.00, 23.75, 23.75, 23.50, 23.50, 23.25, 24.00, 23.75, 23.50, 23.75, 23.25, 23.00, 23.25, 23.25, 24.00, 23.75, 24.50, 23.50, 23.50, 24.25, 24.00, 22.75, 23.75, 24.00, 23.75, 24.75, 24.25, 24.25, 24.00, 23.75, 24.00, 23.25, 24.00, 24.00, 23.50, 23.50, 24.50, 23.00, 23.75, 23.75, 23.75, 23.50, 24.00, 24.25, 24.50, 23.75, 23.75, 23.50, 24.00, 24.00, 24.25, 26.50, 25.25, 24.25, 23.50, 24.50, 24.25, 23.75, 23.25, 24.75, 25.50, 1
1019, 0.00, 50.80, 0.00, 24.20, -7, 13, 3, 509, 0, 134, 136, 168, 1.04, -0.04, -0.15, 23.50, 24.00, 23.75, 24.00, 23.25, 23.00, 23.25, 23.50, 23.50, 23.50, 23.75, 23.75, 24.00, 23.50, 23.25, 23.50, 23.25, 23.75, 23.75, 24.25, 24.00, 23.50, 23.75, 24.50, 23.25, 24.00, 23.50, 24.00, 24.25, 23.75, 24.00, 23.50, 23.25, 23.75, 23.00, 24.00, 24.25, 24.25, 24.25, 24.00, 23.25, 23.75, 24.00, 24.00, 24.00, 24.00, 24.75, 24.75, 23.75, 23.50, 23.75, 24.50, 24.00, 24.25, 26.50, 25.25, 23.25, 23.75, 24.25, 24.25, 23.50, 23.75, 24.75, 25.00, 1
1019, 0.00, 50.80, 0.00, 24.20, 31, 44, 0, 509, 0, 135, 135, 169, 1.03, -0.04, -0.15, 23.75, 24.00, 23.75, 24.00, 24.00, 23.25, 23.50, 24.25, 23.50, 24.00, 23.50, 24.25, 24.00, 23.50, 23.75, 23.75, 23.50, 23.75, 23.75, 24.25, 24.25, 23.75, 24.00, 24.50, 23.50, 24.00, 24.00, 24.25, 24.25, 24.00, 24.25, 23.75, 24.00, 23.50, 23.50, 24.25, 24.50, 24.25, 24.25, 24.50, 23.00, 23.25, 24.50, 24.25, 24.00, 24.00, 25.00, 24.50, 24.25, 23.75, 23.75, 25.00, 24.00, 24.75, 26.50, 25.25, 24.00, 24.50, 24.50, 24.50, 24.00, 24.00, 25.25, 25.50, 2
1019, 0.00, 50.80, 0.00, 24.20, -17, 27, 1, 510, 0, 135, 136, 168, 1.04, -0.02, -0.15, 23.25, 24.25, 23.50, 23.75, 23.50, 23.25, 24.00, 24.00, 23.75, 23.50, 23.50, 23.75, 24.00, 22.75, 23.50, 23.25, 23.75, 23.50, 23.00, 24.25, 23.75, 23.50, 23.75, 24.25, 23.00, 23.75, 23.75, 24.25, 24.00, 24.00, 23.50, 23.75, 23.50, 23.50, 23.75, 23.75, 24.00, 23.75, 24.00, 24.25, 23.25, 23.50, 24.00, 24.25, 24.25, 23.75, 24.75, 24.75, 23.50, 23.50, 23.75, 24.50, 23.75, 24.00, 26.75, 25.00, 23.75, 23.50, 24.00, 24.25, 24.00, 23.75, 25.25, 25.00, 2
1019, -0.10, 50.70, 0.00, 24.20, 132, 159, -3, 507, 0, 134, 136, 169, 1.07, -0.03, -0.14, 23.50, 24.00, 23.50, 24.00, 23.25, 23.75, 23.50, 23.50, 24.00, 24.00, 23.75, 23.75, 24.50, 23.25, 23.50, 23.00, 23.50, 23.75, 23.50, 24.00, 23.75, 23.00, 24.00, 24.00, 22.75, 23.75, 23.75, 24.00, 24.50, 24.00, 24.00, 24.25, 23.75, 23.75, 23.50, 24.25, 24.25, 24.25, 24.00, 24.25, 23.00, 23.75, 24.00, 24.00, 23.75, 24.00, 24.75, 24.75, 23.75, 23.50, 23.75, 24.75, 23.75, 24.50, 26.50, 25.00, 24.25, 23.25, 24.50, 24.00, 24.00, 23.75, 24.75, 25.00, 2
1019, 0.00, 50.70, 0.00, 24.20, -108, 51, 1, 508, 0, 135, 135, 168, 1.07, -0.02, -0.14, 23.75, 24.25, 23.75, 24.00, 23.75, 23.50, 23.75, 23.75, 23.25, 24.00, 24.00, 23.75, 24.25, 23.00, 24.00, 23.50, 23.50, 23.25, 23.50, 24.25, 24.00, 23.75, 24.00, 23.75, 23.25, 23.75, 23.50, 24.25, 24.25, 24.25, 24.00, 23.25, 23.25, 23.50, 23.25, 24.25, 24.25, 24.50, 23.75, 24.25, 23.50, 23.00, 24.25, 24.25, 24.00, 24.00, 25.25, 24.50, 24.25, 23.75, 23.75, 24.50, 24.00, 24.50, 27.00, 25.50, 23.75, 23.25, 24.25, 24.25, 24.00, 24.00, 25.25, 25.00, 2
1019, 0.00, 50.70, 0.00, 24.20, -36, 15, 8, 516, 0, 135, 135, 169, 1.04, -0.03, -0.15, 24.25, 24.25, 23.75, 23.75, 23.75, 23.50, 23.25, 24.00, 23.75, 24.00, 23.50, 23.75, 24.25, 23.50, 23.25, 23.25, 23.00, 23.50, 23.75, 24.00, 24.25, 23.75, 23.50, 24.50, 22.75, 23.25, 23.75, 23.75, 24.50, 24.25, 23.75, 23.75, 23.75, 23.75, 23.25, 23.75, 24.00, 24.00, 24.00, 24.00, 23.25, 23.75, 24.00, 24.25, 24.00, 24.25, 24.75, 24.00, 24.00, 24.00, 23.25, 24.00, 24.25, 24.50, 26.50, 25.00, 24.00, 23.75, 24.00, 24.00, 24.00, 24.00, 25.00, 24.75, 2
1019, 0.00, 50.70, 0.00, 24.20, 5, 20, -13, 503, 0, 134, 136, 168, 1.03, -0.04, -0.16, 23.75, 24.00, 23.25, 24.00, 23.75, 23.50, 23.75, 24.25, 23.00, 23.75, 23.25, 24.00, 24.00, 23.00, 23.00, 23.50, 23.25, 24.25, 23.50, 24.25, 24.00, 23.75, 23.75, 24.25, 22.75, 23.25, 23.50, 23.75, 24.00, 24.00, 24.00, 23.50, 23.50, 23.25, 23.25, 24.00, 24.00, 24.00, 23.75, 24.00, 23.00, 23.75, 23.75, 23.75, 23.75, 23.75, 24.50, 24.00, 24.00, 23.25, 23.50, 23.75, 24.50, 24.50, 26.50, 24.75, 23.50, 23.75, 24.25, 24.25, 23.50, 23.50, 24.75, 24.75, 2
1019, 0.00, 50.70, 0.00, 24.20, 136, 156, 14, 517, 0, 135, 135, 169, 1.03, -0.03, -0.16, 23.50, 24.00, 23.50, 24.00, 23.25, 23.25, 23.25, 23.25, 23.25, 23.50, 23.50, 23.50, 24.00, 23.00, 23.50, 22.75, 23.25, 23.25, 23.00, 24.00, 23.75, 23.50, 24.00, 24.25, 22.75, 23.25, 23.75, 24.00, 24.00, 24.00, 23.75, 23.50, 23.50, 23.75, 23.25, 23.75, 24.50, 24.00, 24.00, 24.00, 23.25, 23.75, 23.75, 24.00, 23.75, 24.25, 25.00, 23.75, 24.00, 23.50, 23.75, 24.25, 23.75, 24.50, 26.25, 24.50, 23.25, 23.75, 24.50, 24.25, 23.75, 23.75, 25.25, 24.75, 2
1019, 0.00, 50.70, 0.00, 24.20, -147, 9, -15, 502, 0, 133, 136, 168, 1.04, -0.03, -0.15, 23.75, 23.75, 23.25, 23.25, 23.25, 23.00, 23.50, 23.50, 23.75, 23.50, 23.75, 23.50, 24.00, 23.50, 22.75, 23.00, 23.25, 23.75, 23.00, 23.75, 23.75, 23.00, 23.50, 23.75, 23.00, 23.25, 23.50, 23.75, 24.00, 23.75, 24.00, 23.25, 23.25, 23.50, 23.25, 23.50, 24.00, 23.75, 23.75, 23.75, 23.25, 23.25, 23.50, 24.00, 23.50, 23.50, 24.50, 23.75, 23.50, 23.25, 23.50, 23.50, 23.50, 24.25, 26.00, 24.75, 23.75, 23.75, 24.00, 24.25, 23.25, 24.00, 25.25, 24.75, 2
1019, 0.00, 50.70, 0.00, 24.20, -1, 8, 9, 511, 0, 135, 135, 168, 1.04, -0.03, -0.15, 24.00, 23.75, 23.00, 23.75, 23.25, 23.25, 23.25, 23.75, 23.25, 23.75, 23.25, 23.75, 23.50, 23.25, 23.50, 23.25, 23.25, 23.00, 23.25, 23.50, 24.00, 23.25, 23.75, 23.75, 22.75, 23.50, 23.25, 23.75, 24.00, 24.00, 23.50, 23.50, 23.25, 23.50, 22.75, 24.00, 23.75, 23.75, 23.75, 24.00, 23.25, 23.75, 24.00, 24.00, 23.75, 23.75, 24.50, 23.75, 23.50, 23.25, 23.50, 24.25, 23.75, 24.25, 26.00, 25.25, 23.75, 23.50, 23.75, 24.00, 23.50, 23.50, 24.75, 24.50, 2
1019, 0.00, 50.70, 0.00, 24.20, 0, 8, -4, 507, 0, 134, 136, 168, 1.04, -0.03, -0.15, 23.25, 23.25, 23.25, 23.50, 23.25, 23.25, 23.50, 23.50, 23.25, 23.50, 23.25, 23.25, 24.00, 23.00, 23.00, 23.00, 23.00, 23.25, 23.25, 24.00, 23.75, 23.50, 23.25, 24.00, 23.25, 23.50, 23.50, 23.50, 23.75, 23.25, 23.75, 23.50, 23.25, 23.50, 23.25, 23.75, 23.75, 24.00, 24.00, 24.00, 23.00, 23.50, 23.75, 23.75, 23.75, 23.50, 24.25, 24.00, 23.75, 23.25, 23.50, 24.25, 23.75, 24.75, 26.25, 24.00, 23.50, 23.75, 24.00, 24.00, 23.50, 23.50, 25.00, 24.50, 2
1019, 0.00, 50.70, 0.00, 24.20, 1, 9, 6, 513, 0, 135, 136, 168, 1.04, -0.03, -0.14, 24.00, 23.50, 23.25, 23.50, 23.50, 22.50, 23.50, 23.75, 23.25, 23.50, 23.25, 23.25, 24.00, 23.00, 23.00, 22.75, 23.00, 23.50, 22.75, 23.75, 23.50, 23.25, 23.50, 23.75, 22.75, 23.50, 23.25, 23.50, 24.25, 23.75, 23.25, 23.50, 23.50, 23.25, 23.00, 23.75, 24.00, 24.00, 23.50, 24.50, 22.75, 23.25, 23.50, 23.50, 23.75, 23.75, 24.50, 24.00, 24.50, 23.25, 23.25, 23.75, 23.25, 24.00, 26.00, 25.25, 23.50, 23.50, 24.25, 23.75, 23.50, 23.75, 24.75, 24.50, 1
1019, 0.00, 50.70, 0.00, 24.20, 89, 98, -5, 508, 0, 134, 136, 167, 1.01, -0.05, -0.16, 23.50, 23.50, 23.50, 23.50, 23.75, 23.00, 23.50, 23.50, 23.25, 23.50, 23.25, 23.75, 24.00, 22.50, 23.50, 22.50, 23.50, 23.50, 23.25, 24.00, 23.50, 23.25, 23.75, 23.75, 23.00, 23.00, 23.50, 23.50, 24.25, 23.75, 24.00, 23.50, 23.00, 23.00, 23.00, 23.50, 23.50, 23.50, 23.50, 23.75, 22.75, 23.00, 23.50, 23.75, 23.50, 23.75, 24.25, 24.25, 24.25, 23.00, 23.50, 24.00, 23.75, 23.75, 26.25, 24.75, 23.50, 23.50, 24.25, 23.75, 23.50, 23.75, 24.75, 25.25, 2
1019, 0.00, 50.70, 0.00, 24.20, -69, 29, 4, 512, 0, 135, 136, 168, 1.05, -0.04, -0.15, 23.25, 23.50, 23.50, 23.25, 23.25, 23.00, 23.25, 23.75, 23.25, 23.50, 23.00, 23.50, 23.50, 23.00, 23.25, 23.00, 22.75, 23.50, 23.25, 24.00, 23.50, 23.25, 23.25, 24.00, 23.50, 23.50, 23.25, 24.00, 24.25, 23.50, 23.50, 23.50, 24.00, 23.25, 23.25, 23.75, 24.00, 23.75, 24.00, 24.25, 23.00, 23.25, 23.50, 24.00, 23.50, 24.00, 24.50, 24.25, 24.25, 23.50, 23.50, 24.25, 24.25, 24.50, 26.50, 25.25, 24.00, 23.50, 23.75, 23.75, 23.75, 23.25, 24.75, 25.00, 2
1019, 0.00, 50.70, 0.00, 24.20, -13, 16, -6, 506, 0, 135, 136, 168, 1.05, -0.02, -0.14, 23.50, 23.50, 23.50, 23.75, 23.25, 23.75, 23.25, 24.00, 23.25, 24.00, 23.50, 23.75, 24.00, 22.75, 23.50, 23.00, 23.25, 23.50, 23.00, 23.75, 23.50, 23.25, 23.25, 23.50, 23.25, 23.50, 23.25, 24.00, 24.00, 23.25, 23.25, 23.75, 23.25, 23.50, 23.25, 24.25, 24.00, 23.75, 23.75, 24.00, 23.00, 23.25, 23.25, 24.00, 23.50, 23.75, 24.25, 24.00, 23.75, 23.25, 23.75, 24.00, 23.75, 24.00, 26.25, 24.50, 23.75, 23.75, 24.00, 24.00, 23.50, 23.50, 25.00, 24.50, 2
1019, 0.00, 50.70, 0.00, 24.20, 1, 17, 5, 511, 0, 135, 134, 169, 1.02, -0.05, -0.14, 23.50, 24.00, 23.25, 23.25, 23.00, 23.00, 23.50, 23.50, 23.75, 23.75, 23.50, 23.50, 23.75, 23.25, 23.00, 23.25, 23.00, 23.75, 22.75, 24.25, 23.75, 23.25, 23.50, 23.75, 23.50, 23.50, 23.75, 23.75, 24.00, 23.75, 23.75, 23.50, 23.25, 23.25, 23.00, 23.75, 23.75, 24.00, 24.00, 24.25, 23.00, 23.25, 23.25, 24.00, 23.75, 24.00, 24.75, 23.75, 23.75, 23.75, 23.50, 24.00, 23.75, 24.25, 26.25, 25.00, 23.75, 23.50, 24.50, 23.75, 23.50, 24.00, 25.00, 24.50, 2
1019, 0.00, 50.70, 0.00, 24.20, 32, 49, -3, 508, 0, 134, 136, 168, 1.04, -0.03, -0.15, 23.75, 23.75, 23.50, 23.50, 23.25, 23.00, 23.00, 23.25, 23.50, 23.25, 23.50, 23.25, 23.75, 23.25, 23.75, 23.00, 23.25, 23.50, 23.00, 23.75, 23.75, 23.25, 23.75, 23.75, 23.00, 23.50, 23.50, 23.75, 24.25, 24.00, 23.75, 23.50, 23.50, 23.25, 23.00, 23.50, 24.25, 23.50, 23.50, 23.75, 23.00, 23.25, 23.75, 24.00, 23.75, 23.75, 24.50, 23.75, 24.00, 23.50, 23.50, 24.00, 23.50, 24.50, 26.50, 25.25, 24.00, 23.50, 24.50, 23.75, 23.75, 24.00, 25.00, 24.75, 2
1019, 0.00, 50.70, 0.00, 24.20, -23, 26, -1, 507, 0, 134, 136, 168, 1.02, -0.05, -0.15, 23.50, 23.75, 23.50, 24.00, 23.50, 23.00, 23.50, 23.75, 23.50, 24.00, 23.75, 23.75, 24.25, 23.00, 23.50, 23.50, 23.00, 23.50, 23.50, 23.75, 24.00, 23.50, 23.75, 24.25, 23.00, 23.25, 23.75, 24.25, 24.00, 24.25, 23.50, 23.25, 23.25, 23.50, 23.00, 24.00, 23.75, 24.00, 24.00, 23.75, 23.00, 23.50, 23.50, 24.00, 23.75, 23.75, 24.75, 24.25, 23.50, 23.50, 23.50, 24.50, 24.00, 24.00, 26.50, 24.75, 23.75, 23.75, 24.00, 24.50, 23.75, 23.75, 24.25, 24.75, 2
1019, 0.00, 50.70, 0.00, 24.20, 118, 144, 8, 515, 0, 135, 136, 168, 1.05, -0.03, -0.14, 23.75, 23.50, 23.75, 23.75, 23.75, 23.50, 23.75, 23.25, 24.00, 24.25, 23.50, 24.00, 24.00, 23.25, 23.75, 23.50, 23.25, 23.75, 23.75, 23.75, 24.00, 23.50, 24.00, 24.00, 22.75, 23.75, 23.75, 24.00, 24.25, 23.75, 23.75, 23.50, 23.75, 23.50, 23.50, 24.00, 24.00, 24.00, 24.00, 24.25, 23.25, 23.25, 24.00, 24.00, 23.50, 24.00, 24.25, 24.25, 24.00, 23.50, 24.00, 24.00, 24.00, 24.75, 26.50, 25.25, 23.25, 23.75, 24.50, 24.25, 23.75, 23.75, 25.00, 24.75, 2
1019, 0.00, 50.70, 0.00, 24.20, -133, 11, -13, 502, 0, 134, 136, 168, 1.04, -0.04, -0.15, 23.50, 23.75, 23.50, 23.75, 23.75, 23.50, 23.50, 23.75, 23.75, 23.75, 23.50, 23.50, 24.00, 23.25, 23.50, 23.25, 23.25, 24.00, 23.00, 24.00, 23.75, 23.50, 23.75, 24.00, 22.75, 24.00, 23.25, 24.00, 24.00, 23.75, 23.50, 23.25, 23.00, 23.50, 23.00, 23.75, 23.75, 23.75, 23.75, 23.75, 23.50, 23.50, 24.00, 23.50, 23.75, 24.00, 25.00, 24.25, 23.75, 23.50, 23.25, 24.25, 23.75, 24.50, 25.75, 25.50, 24.25, 24.25, 24.00, 24.25, 23.50, 24.50, 25.00, 25.75, 2
1019, 0.00, 50.70, 0.00, 24.20, 6, 17, 13, 515, 0, 136, 135, 168, 1.02, -0.04, -0.17, 24.25, 23.50, 23.50, 23.75, 24.00, 23.25, 23.50, 23.50, 23.25, 23.25, 23.25, 23.25, 24.00, 23.00, 22.75, 23.00, 23.50, 23.25, 23.75, 24.00, 24.25, 23.50, 23.50, 23.50, 22.75, 23.75, 24.00, 24.25, 24.00, 23.75, 24.00, 23.50, 23.00, 23.50, 23.00, 24.25, 24.00, 23.75, 24.00, 24.25, 22.75, 23.25, 23.75, 24.00, 23.75, 24.00, 24.25, 24.25, 24.00, 23.50, 23.75, 23.75, 23.50, 24.25, 26.50, 24.75, 23.50, 24.00, 23.75, 24.00, 23.75, 23.50, 24.75, 25.00, 2
1019, 0.00, 50.70, 0.00, 24.20, 6, 23, -7, 508, 0, 134, 136, 168, 1.05, -0.03, -0.14, 24.00, 24.00, 23.25, 23.75, 23.75, 23.50, 23.50, 23.50, 23.25, 23.75, 23.25, 23.50, 24.00, 23.25, 23.00, 23.50, 22.75, 23.75, 23.25, 24.00, 23.50, 23.50, 23.75, 24.00, 23.00, 23.25, 23.75, 24.00, 24.25, 23.75, 23.50, 23.00, 23.50, 23.50, 23.25, 24.00, 23.50, 23.75, 24.00, 24.00, 23.25, 23.50, 24.00, 23.75, 23.75, 23.75, 24.75, 24.25, 23.25, 23.25, 23.75, 23.50, 23.75, 24.00, 26.25, 24.75, 24.00, 23.50, 24.50, 24.50, 24.00, 23.50, 24.50, 24.75, 2
1019, 0.00, 50.70, 0.00, 24.20, -15, 8, 3, 511, 0, 135, 135, 168, 1.06, -0.04, -0.15, 23.75, 23.50, 23.25, 23.75, 23.75, 23.00, 23.25, 23.75, 23.00, 23.75, 23.50, 24.00, 24.00, 23.25, 23.00, 23.50, 23.25, 23.50, 23.25, 24.25, 23.75, 23.75, 24.00, 24.25, 22.75, 23.75, 23.75, 23.75, 24.00, 24.00, 24.00, 23.00, 23.50, 23.50, 23.25, 23.75, 24.00, 24.00, 24.00, 24.25, 23.00, 23.25, 23.75, 23.75, 23.75, 24.00, 25.00, 24.25, 23.50, 23.75, 23.75, 24.25, 24.00, 24.25, 25.75, 24.25, 24.25, 23.50, 25.00, 23.75, 23.75, 24.25, 24.50, 25.50, 1
1019, 0.00, 50.70, 0.00, 24.20, 88, 96, -6, 505, 0, 134, 136, 167, 1.03, -0.04, -0.16, 24.00, 24.00, 23.25, 23.75, 23.00, 23.25, 22.75, 23.25, 23.75, 23.75, 23.25, 23.75, 24.00, 23.25, 23.25, 23.50, 23.00, 23.50, 23.00, 24.00, 23.75, 23.25, 23.25, 23.75, 23.00, 23.25, 23.50, 23.50, 24.25, 23.50, 23.75, 23.25, 23.00, 23.25, 23.00, 23.75, 24.00, 24.00, 23.75, 24.00, 23.25, 23.50, 23.75, 24.00, 23.75, 23.75, 24.75, 24.25, 24.00, 23.25, 23.25, 24.00, 24.00, 24.00, 26.50, 24.75, 23.75, 23.50, 24.25, 24.00, 23.25, 23.75, 25.00, 25.00, 2
1019, 0.10, 50.80, 0.00, 24.20, -61, 35, 6, 511, 0, 135, 135, 168, 1.05, -0.03, -0.14, 24.00, 24.00, 23.25, 23.50, 23.25, 23.25, 23.50, 23.75, 23.75, 23.75, 23.50, 23.75, 24.00, 23.25, 23.25, 22.75, 23.25, 23.75, 23.50, 24.25, 24.00, 23.25, 23.75, 24.25, 22.75, 23.75, 23.50, 24.00, 24.00, 24.00, 23.50, 23.50, 23.75, 23.50, 23.25, 24.00, 23.75, 24.00, 23.50, 23.75, 23.25, 23.75, 23.75, 23.75, 23.75, 24.00, 24.50, 24.50, 24.00, 23.50, 23.75, 24.25, 23.50, 24.00, 26.25, 25.00, 23.50, 23.50, 24.25, 24.00, 23.50, 23.75, 24.75, 24.75, 2
1019, 0.00, 50.80, 0.00, 24.20, -15, 20, 3, 514, 0, 134, 136, 167, 1.04, -0.03, -0.14, 23.25, 24.00, 23.50, 23.75, 23.50, 24.00, 23.50, 23.75, 23.50, 24.00, 23.50, 23.75, 24.25, 23.25, 23.50, 23.50, 23.00, 23.25, 23.50, 24.00, 23.75, 23.25, 23.50, 24.00, 23.00, 23.25, 24.00, 24.00, 24.25, 24.00, 23.75, 23.00, 23.50, 23.25, 23.25, 23.75, 24.50, 23.75, 23.75, 23.75, 23.00, 23.50, 24.00, 24.00, 24.00, 24.25, 25.00, 24.25, 24.00, 23.25, 24.00, 24.25, 23.75, 24.25, 25.75, 25.50, 24.00, 23.75, 24.25, 24.50, 23.25, 23.75, 25.25, 25.00, 2
1019, 0.00, 50.80, 0.00, 24.20, 167, 187, -9, 505, 0, 135, 136, 168, 1.05, -0.03, -0.14, 23.50, 23.75, 23.50, 24.00, 23.25, 23.25, 23.75, 23.25, 23.25, 24.00, 23.75, 23.50, 23.75, 23.00, 23.50, 23.25, 23.00, 23.25, 23.25, 24.00, 23.75, 23.50, 24.00, 23.75, 22.75, 23.25, 23.50, 24.00, 24.50, 24.00, 24.25, 23.25, 23.25, 23.75, 23.00, 24.25, 23.50, 24.00, 23.50, 23.75, 23.25, 23.50, 24.00, 24.00, 23.75, 23.75, 24.75, 24.25, 23.75, 23.50, 23.25, 24.50, 23.75, 24.00, 26.00, 25.25, 23.75, 23.50, 23.75, 24.00, 23.75, 23.50, 24.75, 24.50, 2
1019, 0.00, 50.80, 0.00, 24.20, -138, 49, 12, 517, 0, 136, 135, 168, 1.04, -0.03, -0.15, 24.00, 23.75, 23.50, 24.00, 23.50, 23.50, 23.75, 23.25, 23.75, 23.75, 24.00, 23.75, 24.50, 23.25, 23.25, 23.25, 22.75, 23.25, 23.25, 23.75, 24.25, 23.25, 24.00, 23.50, 23.00, 23.75, 23.75, 24.25, 24.25, 24.00, 23.50, 23.75, 23.75, 23.50, 23.25, 23.75, 24.00, 24.25, 23.50, 24.25, 23.25, 23.00, 24.50, 24.50, 24.00, 24.25, 24.75, 24.00, 23.50, 23.50, 23.50, 24.75, 24.00, 24.00, 26.25, 24.25, 24.00, 23.50, 24.00, 24.00, 24.00, 24.50, 25.25, 24.50, 2
1019, 0.00, 50.80, 0.00, 24.20, -29, 20, -9, 508, 0, 135, 135, 168, 1.04, -0.03, -0.15, 23.75, 23.75, 23.50, 23.75, 23.50, 23.50, 23.50, 23.25, 23.25, 23.50, 23.50, 23.50, 23.75, 22.50, 23.00, 22.75, 23.25, 23.50, 23.50, 24.00, 23.75, 23.00, 23.75, 23.75, 23.25, 23.75, 23.50, 24.00, 24.00, 24.25, 23.50, 23.00, 23.25, 23.75, 23.00, 24.25, 23.50, 23.75, 24.00, 24.00, 23.25, 23.25, 23.75, 24.25, 23.50, 24.00, 24.50, 23.75, 23.50, 23.25, 24.00, 24.50, 24.00, 24.25, 26.00, 25.00, 24.00, 23.50, 23.75, 24.00, 23.75, 24.00, 25.00, 25.00, 2
1019, 0.00, 50.80, 0.00, 24.20, 0, 20, -3, 505, 0, 134, 135, 169, 1.02, -0.03, -0.15, 23.50, 23.75, 23.00, 23.25, 23.50, 23.00, 23.00, 24.00, 23.25, 23.25, 23.25, 23.50, 24.00, 22.75, 23.00, 23.25, 22.50, 23.25, 23.50, 24.25, 23.75, 23.25, 23.75, 23.75, 22.50, 23.75, 23.75, 23.75, 24.00, 23.75, 23.50, 23.25, 23.50, 23.25, 23.00, 24.00, 24.00, 24.00, 23.50, 23.75, 23.00, 23.25, 23.75, 23.75, 23.50, 24.25, 24.25, 24.50, 23.75, 23.50, 23.50, 24.00, 23.50, 24.00, 26.50, 25.25, 23.50, 23.25, 24.25, 23.75, 24.50, 24.00, 24.50, 24.50, 2
1019, 0.00, 50.80, 0.00, 24.20, -7, 13, 13, 518, 0, 136, 135, 168, 1.05, -0.03, -0.15, 23.50, 23.75, 23.00, 23.50, 23.00, 23.50, 23.50, 23.75, 23.50, 23.50, 23.00, 23.75, 23.75, 23.50, 22.75, 23.25, 23.25, 23.00, 23.25, 23.75, 24.00, 23.50, 23.75, 23.75, 22.50, 23.25, 23.75, 24.00, 24.25, 24.00, 23.50, 23.25, 23.25, 23.00, 23.00, 23.75, 24.00, 23.75, 24.00, 24.00, 22.75, 23.00, 24.00, 23.75, 23.25, 23.50, 24.75, 24.50, 23.50, 23.25, 23.50, 23.75, 23.75, 24.25, 26.00, 24.75, 23.75, 22.75, 24.00, 24.25, 23.25, 23.25, 24.25, 24.75, 2
1019, 0.00, 50.80, 0.00, 24.20, 28, 41, -13, 505, 0, 134, 136, 168, 1.07, -0.03, -0.14, 23.50, 24.00, 23.50, 23.75, 23.75, 23.00, 23.25, 23.50, 23.25, 23.75, 23.25, 23.50, 23.75, 23.25, 23.00, 23.00, 23.00, 23.00, 23.00, 23.75, 23.75, 23.00, 23.50, 23.50, 22.75, 23.50, 23.50, 23.25, 23.75, 23.75, 23.50, 23.25, 23.25, 23.25, 23.25, 23.75, 23.50, 23.75, 23.50, 23.75, 23.50, 23.25, 23.75, 23.50, 23.75, 23.75, 24.50, 24.25, 23.75, 23.00, 23.75, 24.00, 23.25, 23.75, 26.00, 24.75, 23.25, 23.25, 24.00, 24.50, 23.50, 24.00, 24.75, 24.50, 2
1019, 0.00, 50.80, 0.00, 24.20, -14, 27, 13, 518, 0, 135, 135, 169, 1.04, -0.04, -0.16, 23.25, 23.50, 23.25, 23.50, 23.25, 22.75, 23.25, 23.25, 23.00, 23.25, 22.75, 23.25, 23.50, 23.00, 23.00, 23.00, 22.50, 23.25, 23.00, 23.75, 23.25, 23.25, 23.50, 23.50, 22.75, 23.25, 23.50, 23.50, 24.00, 23.25, 23.75, 23.00, 22.75, 23.00, 23.25, 23.50, 23.50, 23.75, 23.75, 24.00, 23.00, 23.50, 23.50, 23.50, 23.50, 23.25, 24.50, 24.00, 24.00, 22.75, 23.00, 24.00, 23.25, 24.00, 25.75, 24.25, 23.75, 23.25, 23.75, 24.25, 22.75, 23.50, 24.75, 24.75, 2
1019, 0.00, 50.80, 0.00, 24.20, -19, 8, -15, 503, 0, 134, 135, 168, 1.04, -0.03, -0.15, 23.50, 23.75, 23.25, 23.25, 23.00, 22.75, 23.25, 23.25, 23.00, 23.25, 23.00, 23.25, 23.50, 23.00, 22.75, 23.00, 22.75, 23.25, 22.75, 23.50, 23.50, 23.25, 23.25, 24.00, 22.75, 23.50, 23.00, 23.75, 24.00, 23.50, 23.50, 23.25, 23.25, 23.00, 23.00, 23.75, 23.50, 24.00, 23.50, 24.00, 22.75, 23.50, 23.25, 23.25, 24.00, 23.75, 24.25, 24.00, 23.50, 23.50, 23.50, 23.75, 23.75, 23.75, 25.50, 24.50, 23.75, 23.25, 24.25, 23.50, 23.25, 23.50, 24.75, 24.50, 2
1019, 0.00, 50.80, 0.00, 24.20, 0, 8, 9, 512, 0, 135, 136, 168, 1.04, -0.03, -0.14, 23.50, 24.00, 23.25, 23.50, 23.00, 22.75, 23.00, 23.25, 23.50, 23.50, 23.50, 23.25, 23.75, 22.75, 22.75, 22.75, 23.00, 23.25, 23.25, 24.00, 24.00, 23.50, 23.50, 24.00, 22.75, 23.25, 23.25, 23.50, 24.00, 24.25, 24.00, 23.50, 23.50, 23.25, 23.25, 23.75, 23.50, 23.50, 23.50, 23.50, 23.00, 23.50, 24.00, 23.50, 23.25, 24.00, 24.50, 24.00, 23.75, 24.00, 23.50, 24.00, 24.25, 24.00, 26.25, 25.00, 23.75, 23.50, 24.25, 23.50, 23.50, 23.75, 24.50, 24.50, 2
1019, 0.00, 50.80, 0.00, 24.20, 27, 35, -4, 508, 0, 134, 136, 168, 1.07, -0.02, -0.13, 23.50, 23.25, 23.00, 23.50, 23.00, 23.00, 23.25, 23.50, 23.25, 23.50, 23.00, 23.75, 24.00, 23.00, 23.25, 23.50, 22.75, 23.25, 23.00, 24.00, 23.75, 23.25, 23.75, 23.75, 22.75, 23.75, 23.50, 24.00, 24.00, 23.50, 23.75, 23.00, 23.50, 23.75, 23.50, 24.00, 23.50, 23.25, 23.50, 23.75, 22.50, 23.00, 23.75, 24.00, 23.75, 23.75, 24.25, 24.25, 23.50, 23.25, 23.50, 24.00, 23.00, 24.00, 26.25, 24.75, 23.50, 23.25, 23.75, 23.75, 24.00, 23.25, 24.50, 24.25, 2
1019, -0.10, 50.70, 0.00, 24.20, -19, 16, 0, 508, 0, 135, 135, 168, 1.02, -0.04, -0.15, 24.00, 23.25, 22.75, 23.25, 23.25, 23.25, 23.25, 23.75, 23.25, 23.50, 23.25, 23.25, 23.75, 22.75, 23.00, 23.00, 23.00, 23.50, 23.00, 23.75, 23.75, 23.00, 23.75, 23.50, 22.75, 23.25, 23.00, 23.75, 24.00, 24.00, 23.75, 23.25, 23.00, 23.00, 22.75, 23.50, 23.50, 23.25, 23.50, 23.75, 22.50, 23.00, 24.00, 23.75, 23.25, 23.50, 24.50, 24.25, 23.25, 23.00, 23.50, 24.00, 23.75, 23.75, 26.00, 24.75, 24.00, 23.00, 23.50, 23.75, 23.75, 23.75, 24.25, 24.00, 2
1019, 0.00, 50.70, 0.00, 24.20, 147, 163, 9, 517, 0, 136, 136, 168, 1.04, -0.03, -0.15, 24.00, 23.75, 23.25, 23.75, 23.25, 23.75, 23.00, 23.00, 23.00, 23.50, 23.25, 23.50, 23.75, 23.00, 23.00, 23.00, 23.00, 23.25, 23.25, 24.00, 23.50, 23.50, 23.75, 23.25, 23.00, 23.25, 23.75, 23.75, 24.00, 24.00, 23.50, 23.50, 23.75, 23.00, 23.25, 24.00, 23.75, 24.00, 24.00, 23.50, 23.25, 23.25, 23.50, 23.50, 23.25, 23.50, 24.25, 24.00, 23.50, 23.50, 23.50, 24.00, 23.75, 24.00, 26.00, 24.75, 23.25, 23.25, 24.50, 24.00, 23.75, 23.75, 24.50, 24.50, 2
1019, 0.00, 50.70, 0.00, 24.20, -149, 14, -14, 503, 0, 133, 136, 168, 1.01, -0.03, -0.17, 23.50, 23.75, 23.50, 23.50, 23.25, 23.00, 23.25, 23.50, 23.25, 23.75, 23.75, 23.25, 24.25, 22.50, 22.75, 23.25, 23.25, 23.00, 23.25, 24.00, 23.75, 23.00, 23.50, 24.25, 23.25, 23.25, 23.25, 24.00, 23.75, 24.00, 23.75, 23.25, 23.50, 23.50, 23.25, 23.50, 24.00, 24.00, 23.75, 23.75, 23.00, 23.50, 23.75, 23.75, 23.75, 23.50, 24.50, 23.75, 24.00, 23.25, 23.50, 24.00, 24.00, 23.75, 26.25, 25.00, 24.00, 23.25, 24.00, 24.25, 23.75, 24.00, 24.75, 24.50, 2
1019, 0.10, 50.80, 0.00, 24.20, 12, 26, 11, 514, 0, 135, 136, 168, 1.05, -0.04, -0.15, 23.50, 23.50, 23.75, 23.50, 23.75, 23.00, 23.25, 23.50, 23.00, 23.50, 23.25, 23.50, 24.00, 23.25, 23.50, 22.50, 23.00, 23.00, 23.00, 24.00, 23.75, 23.25, 24.00, 23.75, 23.00, 23.50, 23.50, 23.75, 24.00, 24.00, 23.75, 23.25, 23.50, 23.75, 23.25, 23.75, 24.00, 23.75, 23.50, 23.75, 22.75, 23.00, 23.50, 23.75, 23.50, 23.75, 24.50, 24.50, 23.75, 23.25, 23.75, 23.75, 23.50, 24.25, 26.25, 24.25, 24.00, 23.75, 24.00, 24.25, 23.75, 23.50, 25.25, 25.00, 2
1019, 0.00, 50.80, 0.00, 24.20, 9, 35, -3, 511, 0, 134, 137, 167, 1.04, -0.03, -0.16, 24.25, 24.25, 22.75, 23.75, 23.00, 23.25, 23.50, 23.50, 23.25, 23.50, 23.50, 24.00, 24.25, 23.00, 23.25, 23.00, 23.25, 23.75, 23.25, 24.25, 23.75, 23.50, 24.25, 24.00, 22.75, 23.50, 23.75, 24.00, 23.75, 23.75, 23.75, 23.50, 23.25, 23.00, 23.75, 24.00, 24.25, 24.00, 24.00, 24.00, 22.75, 23.50, 23.50, 23.75, 23.50, 23.75, 24.50, 24.25, 23.50, 23.00, 23.75, 24.25, 24.00, 24.50, 26.50, 24.50, 23.75, 23.75, 24.50, 24.25, 24.00, 24.00, 24.75, 25.00, 2
1019, 0.00, 50.80, 0.00, 24.20, 132, 167, -3, 508, 0, 134, 135, 168, 1.05, -0.02, -0.15, 23.75, 24.00, 23.75, 23.75, 23.75, 23.25, 23.25, 24.25, 23.50, 24.00, 23.50, 23.75, 23.75, 23.00, 23.25, 23.50, 23.50, 23.50, 23.50, 24.25, 24.00, 23.50, 24.25, 24.00, 23.00, 23.75, 23.75, 24.00, 24.25, 24.00, 24.00, 23.25, 23.50, 23.50, 23.00, 24.00, 24.25, 24.00, 23.75, 23.50, 23.25, 23.25, 24.00, 23.75, 23.75, 24.50, 24.50, 24.00, 24.00, 23.00, 24.00, 24.50, 23.75, 24.50, 26.25, 25.25, 24.00, 24.00, 24.25, 24.00, 23.75, 23.25, 25.25, 24.50, 2
1019, 0.00, 50.80, 0.00, 24.20, -131, 36, 10, 518, 0, 135, 136, 167, 1.04, -0.03, -0.15, 23.75, 24.00, 23.50, 24.00, 23.00, 23.25, 23.25, 24.00, 23.25, 23.50, 23.50, 23.50, 23.75, 23.50, 23.25, 23.25, 23.25, 23.75, 23.25, 24.00, 23.50, 23.25, 23.25, 23.75, 23.25, 23.75, 23.75, 24.00, 24.25, 23.75, 23.75, 24.00, 23.50, 23.50, 23.00, 24.00, 24.00, 24.25, 24.25, 24.00, 22.75, 23.25, 24.00, 24.00, 23.75, 24.00, 25.00, 24.25, 23.50, 23.25, 23.75, 24.00, 23.75, 24.25, 26.25, 24.25, 24.00, 23.50, 24.00, 23.75, 23.50, 23.75, 25.00, 25.00, 2
1019, 0.00, 50.80, 0.00, 24.20, -28, 8, -12, 506, 0, 133, 136, 168, 1.04, -0.03, -0.15, 23.50, 23.75, 23.25, 24.00, 23.50, 23.50, 23.50, 23.25, 23.50, 24.00, 23.75, 23.50, 24.00, 23.25, 23.50, 23.25, 23.00, 23.25, 23.75, 23.75, 24.00, 23.75, 23.75, 24.00, 22.75, 23.50, 23.25, 24.00, 24.25, 23.75, 23.75, 23.00, 23.00, 23.25, 23.50, 24.00, 24.25, 24.00, 24.25, 24.00, 23.00, 23.25, 23.25, 24.00, 24.00, 23.75, 24.75, 24.50, 24.00, 23.25, 23.50, 24.00, 24.00, 23.75, 26.25, 25.00, 23.25, 23.25, 24.25, 24.25, 23.50, 23.50, 25.00, 24.50, 2
1019, 0.00, 50.80, 0.00, 24.20, 148, 156, 7, 513, 0, 135, 135, 168, 1.07, -0.02, -0.13, 23.75, 23.50, 23.25, 24.00, 23.00, 23.50, 23.25, 23.25, 23.50, 24.00, 23.75, 23.25, 24.00, 23.50, 23.50, 23.00, 23.25, 23.75, 23.25, 24.00, 23.50, 23.75, 24.00, 24.00, 23.00, 23.25, 24.00, 23.75, 24.25, 23.75, 24.00, 23.25, 23.50, 23.25, 23.25, 23.75, 23.75, 24.00, 23.75, 24.00, 22.75, 23.00, 24.00, 23.75, 23.75, 24.25, 24.50, 24.25, 24.00, 24.00, 23.75, 24.00, 24.00, 24.00, 26.50, 24.75, 23.50, 24.25, 24.75, 24.25, 23.75, 23.25, 25.00, 25.00, 2
1019, 0.00, 50.80, 0.00, 24.20, -147, 9, 1, 514, 0, 135, 136, 168, 1.04, -0.03, -0.15, 23.25, 24.25, 23.75, 24.00, 23.25, 23.50, 23.25, 23.50, 23.50, 24.25, 23.50, 23.50, 23.75, 23.75, 23.25, 23.25, 23.25, 23.50, 23.00, 24.00, 23.75, 23.50, 24.00, 24.25, 23.00, 23.25, 23.75, 24.00, 24.25, 24.25, 24.25, 23.50, 23.50, 23.75, 23.25, 23.75, 24.50, 23.75, 23.50, 23.50, 23.00, 23.50, 24.25, 24.00, 23.75, 24.00, 24.75, 24.50, 23.75, 23.50, 24.00, 24.25, 23.50, 23.75, 26.50, 25.50, 23.75, 23.25, 24.00, 23.75, 23.50, 24.25, 25.00, 25.00, 2
1019, 0.00, 50.80, 0.00, 24.20, -1, 8, -4, 510, 0, 134, 135, 168, 1.04, -0.04, -0.15, 24.25, 23.75, 23.50, 23.50, 23.75, 23.50, 23.25, 23.75, 23.25, 24.00, 23.50, 23.50, 23.75, 23.25, 23.50, 22.75, 22.75, 23.75, 23.25, 23.75, 24.00, 23.25, 23.75, 24.00, 23.25, 23.50, 23.75, 23.75, 24.00, 24.25, 23.50, 23.75, 23.00, 23.25, 23.50, 24.00, 24.25, 24.25, 23.75, 24.00, 23.00, 24.00, 23.50, 24.00, 23.75, 24.00, 24.50, 24.25, 23.25, 23.25, 23.75, 24.00, 23.50, 24.25, 26.50, 24.75, 24.00, 23.75, 24.25, 24.00, 23.50, 24.25, 24.75, 24.75, 2
1019, 0.00, 50.80, 0.00, 24.20, 0, 8, -1, 509, 0, 134, 136, 169, 1.04, -0.04, -0.16, 23.25, 23.25, 23.00, 23.75, 23.25, 23.75, 23.50, 23.50, 23.00, 23.50, 23.50, 23.50, 23.75, 23.25, 23.00, 23.25, 23.25, 23.50, 23.00, 23.50, 24.00, 23.50, 23.50, 24.25, 22.50, 23.25, 23.00, 24.00, 24.00, 23.50, 23.00, 23.25, 22.75, 23.75, 22.75, 24.00, 24.00, 23.75, 24.00, 24.25, 23.00, 23.25, 23.75, 24.25, 23.50, 24.00, 24.25, 24.25, 24.00, 23.25, 23.50, 24.25, 24.00, 24.50, 26.25, 25.00, 23.75, 23.50, 23.75, 24.00, 23.75, 23.75, 25.25, 25.50, 2
1019, 0.00, 50.80, 0.00, 24.20, 0, 8, -3, 506, 0, 135, 135, 168, 1.05, -0.03, -0.15, 23.75, 23.50, 23.25, 23.75, 23.25, 23.25, 23.25, 23.75, 22.50, 23.75, 23.50, 23.75, 24.00, 23.00, 23.00, 23.00, 23.00, 23.25, 23.25, 23.75, 23.25, 23.25, 23.50, 23.75, 22.75, 23.50, 23.50, 23.75, 24.25, 23.75, 23.75, 23.25, 23.50, 23.00, 23.25, 24.25, 23.75, 24.00, 23.50, 24.00, 23.00, 23.00, 23.75, 24.00, 23.50, 23.75, 24.50, 24.50, 23.75, 23.25, 23.25, 23.75, 23.50, 23.50, 26.00, 24.75, 23.50, 23.25, 24.00, 24.00, 23.50, 23.50, 25.25, 25.25, 1
1019, 0.00, 50.80, 0.00, 24.20, 0, 8, 7, 513, 0, 135, 136, 168, 1.04, -0.03, -0.15, 23.75, 23.50, 23.00, 23.75, 23.50, 23.25, 23.25, 23.50, 23.75, 23.50, 23.00, 23.50, 24.00, 23.50, 23.00, 23.00, 22.75, 23.50, 23.25, 24.00, 23.50, 23.25, 23.50, 23.50, 23.00, 23.50, 23.50, 23.75, 24.00, 23.75, 23.50, 23.50, 23.75, 23.00, 22.75, 24.00, 24.00, 24.00, 23.50, 23.75, 23.25, 23.50, 23.75, 24.00, 23.50, 24.00, 24.25, 24.00, 23.75, 23.25, 23.75, 23.75, 23.50, 24.25, 26.00, 25.00, 24.00, 23.00, 24.25, 23.75, 23.75, 23.75, 24.50, 24.75, 1
1019, 0.00, 50.80, 0.00, 24.20, 0, 8, -8, 505, 0, 135, 136, 168, 1.05, -0.03, -0.15, 24.00, 24.00, 23.75, 23.75, 23.50, 23.50, 23.25, 24.00, 23.50, 23.75, 23.50, 23.50, 23.75, 23.25, 23.50, 23.00, 23.00, 23.50, 23.25, 24.25, 23.75, 23.50, 23.50, 24.00, 22.75, 23.25, 23.25, 24.00, 24.25, 24.00, 23.50, 23.25, 23.50, 23.25, 23.00, 23.25, 24.00, 24.00, 23.75, 24.00, 23.00, 23.25, 23.50, 23.50, 23.50, 24.00, 24.50, 24.25, 24.25, 23.50, 23.75, 24.00, 24.25, 24.50, 26.25, 25.25, 23.50, 23.50, 24.00, 24.00, 23.50, 24.00, 24.50, 24.25, 1
1019, 0.00, 50.80, 0.00, 24.20, 2, 10, 13, 518, 0, 134, 135, 167, 1.09, -0.02, -0.12, 23.50, 23.75, 23.25, 23.75, 23.75, 23.25, 23.50, 24.25, 23.50, 24.00, 23.50, 23.50, 24.00, 23.50, 23.00, 22.75, 23.25, 23.25, 23.25, 24.00, 24.00, 23.50, 23.75, 24.00, 22.75, 23.50, 23.75, 24.00, 24.25, 24.00, 24.00, 23.50, 23.50, 23.25, 23.50, 24.00, 24.00, 24.25, 23.25, 23.75, 23.00, 23.50, 23.75, 23.50, 24.00, 23.75, 24.75, 24.00, 23.75, 23.50, 23.75, 24.25, 23.75, 24.00, 26.25, 25.00, 24.25, 23.75, 24.00, 23.75, 24.25, 23.75, 25.00, 25.25, 1
1019, 0.00, 50.80, 0.00, 24.20, 15, 25, -16, 502, 0, 134, 135, 169, 1.00, -0.05, -0.18, 23.50, 23.75, 23.00, 23.50, 23.00, 22.75, 23.25, 23.75, 23.00, 23.50, 23.25, 23.00, 23.75, 23.00, 23.00, 23.00, 23.25, 23.50, 23.25, 23.75, 23.50, 23.50, 23.75, 23.50, 22.75, 23.00, 23.25, 24.00, 24.00, 23.50, 23.50, 23.00, 23.00, 23.50, 23.00, 23.50, 24.00, 23.50, 23.75, 23.75, 22.75, 22.75, 23.75, 23.75, 23.75, 24.25, 24.75, 24.25, 23.75, 23.75, 23.50, 24.00, 23.50, 23.75, 26.00, 25.25, 23.75, 24.00, 24.25, 24.00, 23.00, 23.25, 24.50, 24.50, 1
1020, 0.00, 50.80, 0.00, 24.20, -1, 24, 13, 515, 0, 135, 136, 168, 1.04, -0.03, -0.16, 23.50, 23.75, 23.25, 23.75, 22.75, 23.50, 23.25, 23.50, 23.25, 23.75, 23.50, 23.50, 24.00, 23.25, 23.50, 22.50, 23.25, 23.50, 23.25, 23.75, 23.75, 23.25, 23.25, 24.25, 23.00, 23.25, 23.50, 24.00, 24.00, 23.75, 23.75, 23.25, 23.75, 23.25, 23.50, 23.75, 23.75, 23.75, 24.00, 23.75, 23.25, 23.25, 24.00, 24.00, 23.50, 23.75, 24.75, 24.00, 24.50, 23.50, 23.50, 24.25, 23.75, 23.75, 25.50, 25.00, 23.75, 23.50, 24.00, 24.00, 23.00, 23.25, 24.50, 25.00, 1
1019, 0.00, 50.80, 0.00, 24.20, -8, 16, -7, 508, 0, 135, 136, 168, 1.00, -0.05, -0.17, 24.00, 23.50, 23.50, 23.75, 23.50, 23.75, 23.50, 23.75, 23.50, 23.50, 23.25, 23.25, 23.75, 23.00, 23.00, 23.50, 23.00, 23.50, 23.25, 24.00, 23.75, 23.50, 23.50, 23.75, 23.25, 23.25, 23.75, 23.75, 24.25, 23.50, 23.25, 23.50, 24.00, 23.00, 23.50, 23.75, 24.00, 24.25, 23.50, 23.75, 22.50, 23.25, 23.25, 24.00, 23.50, 24.00, 24.50, 24.25, 23.25, 23.75, 23.50, 24.00, 23.75, 24.25, 26.00, 25.00, 24.50, 23.50, 24.25, 24.25, 23.50, 24.25, 24.50, 25.50, 1
1019, 0.00, 50.80, 0.00, 24.20, 3, 19, -2, 506, 0, 134, 135, 168, 1.08, -0.02, -0.14, 23.75, 23.25, 23.50, 24.00, 23.75, 23.50, 23.25, 23.75, 23.00, 24.00, 23.50, 23.75, 24.00, 23.00, 23.25, 23.00, 23.25, 23.75, 23.25, 24.00, 23.50, 23.50, 23.75, 24.25, 22.75, 23.50, 23.50, 23.75, 24.25, 24.00, 23.50, 22.50, 23.50, 23.50, 23.25, 23.75, 23.75, 24.00, 23.75, 23.75, 23.25, 23.50, 23.75, 24.50, 23.75, 23.75, 24.75, 24.00, 23.50, 23.50, 23.50, 23.75, 23.75, 24.25, 26.50, 25.25, 23.75, 23.00, 24.00, 23.50, 24.00, 23.50, 24.50, 25.00, 1
1019, 0.00, 50.80, 0.00, 24.20, 3, 22, 7, 513, 0, 135, 136, 167, 1.04, -0.03, -0.15, 24.00, 23.75, 23.50, 23.50, 23.25, 23.25, 23.00, 23.50, 23.00, 23.50, 23.25, 23.75, 23.75, 23.25, 22.75, 22.75, 23.00, 24.00, 23.25, 24.25, 24.00, 23.50, 24.00, 24.25, 22.75, 23.75, 23.50, 24.00, 24.00, 24.00, 23.50, 23.50, 23.25, 23.50, 23.25, 23.75, 24.25, 24.00, 23.50, 24.50, 23.50, 24.00, 23.75, 23.75, 24.00, 23.75, 24.50, 24.50, 24.25, 23.50, 23.50, 24.50, 23.50, 24.50, 26.25, 24.50, 23.75, 23.50, 24.25, 24.00, 23.25, 24.00, 25.00, 24.75, 1
1019, -0.10, 50.70, 0.00, 24.20, 155, 177, -10, 503, 0, 133, 135, 168, 1.03, -0.03, -0.15, 23.50, 24.00, 23.75, 24.25, 23.75, 23.25, 23.25, 24.00, 23.75, 23.50, 23.75, 23.50, 23.75, 23.50, 23.00, 23.25, 23.25, 23.50, 23.50, 23.50, 23.75, 23.75, 23.50, 23.50, 23.00, 23.50, 23.50, 24.00, 24.50, 24.50, 23.50, 23.75, 23.75, 23.50, 23.50, 24.25, 24.25, 24.00, 23.50, 24.25, 23.50, 23.75, 24.25, 24.00, 23.50, 24.00, 24.25, 24.50, 23.75, 23.50, 24.00, 24.25, 23.50, 24.25, 26.50, 24.50, 24.25, 23.75, 23.75, 24.75, 23.75, 23.75, 25.00, 25.50, 2
1019, 0.00, 50.70, 0.00, 24.20, -124, 53, 14, 517, 0, 135, 136, 168, 1.04, -0.04, -0.15, 24.25, 24.25, 23.25, 24.25, 23.50, 23.75, 23.50, 23.75, 23.50, 24.50, 23.50, 23.75, 24.00, 23.25, 23.25, 23.00, 23.25, 23.75, 23.50, 24.00, 24.00, 23.75, 24.00, 24.50, 23.50, 23.75, 23.50, 24.00, 24.50, 24.00, 24.00, 23.50, 23.50, 23.50, 23.75, 24.00, 24.00, 24.00, 24.00, 24.25, 23.25, 23.50, 23.75, 24.50, 23.50, 24.00, 25.00, 24.25, 23.75, 23.50, 23.75, 24.50, 24.00, 24.25, 26.00, 25.25, 23.25, 23.50, 24.75, 24.25, 23.50, 24.00, 24.75, 25.00, 2
1019, 0.00, 50.70, 0.00, 24.20, -42, 11, -15, 502, 0, 133, 136, 168, 1.04, -0.03, -0.14, 24.00, 23.75, 23.50, 24.00, 23.50, 23.75, 23.50, 24.50, 23.50, 24.25, 23.75, 24.25, 24.25, 23.75, 24.00, 23.75, 23.50, 23.50, 23.50, 24.50, 23.75, 23.75, 24.75, 24.25, 23.00, 24.00, 23.75, 24.25, 24.50, 24.50, 24.00, 23.50, 23.75, 23.75, 23.25, 24.25, 24.25, 24.25, 24.00, 24.00, 23.25, 23.75, 24.25, 24.25, 23.75, 24.50, 25.00, 24.50, 24.25, 24.00, 23.75, 24.50, 23.75, 24.50, 27.00, 25.00, 24.00, 23.75, 24.25, 24.50, 24.50, 24.50, 25.50, 25.50, 2
1019, 0.00, 50.70, 0.00, 24.20, 173, 184, 7, 509, 0, 135, 134, 169, 1.08, -0.01, -0.14, 24.25, 24.25, 23.25, 23.75, 24.00, 23.75, 23.50, 25.75, 24.00, 24.00, 24.00, 23.75, 24.25, 23.50, 23.75, 23.50, 23.50, 23.75, 23.50, 24.25, 24.00, 24.25, 24.00, 24.25, 23.00, 24.00, 23.75, 24.25, 24.50, 24.25, 24.00, 24.00, 23.75, 23.75, 23.25, 24.25, 24.50, 24.25, 23.75, 24.25, 23.75, 23.50, 23.75, 24.50, 23.75, 24.25, 25.00, 24.25, 23.75, 23.75, 24.00, 24.25, 24.25, 24.50, 26.50, 25.00, 24.25, 23.75, 24.00, 24.00, 24.00, 23.75, 25.00, 25.00, 2
1019, 0.00, 50.70, 0.00, 24.20, -169, 15, -1, 508, 0, 135, 136, 169, 1.03, -0.03, -0.15, 23.50, 23.50, 23.75, 24.00, 23.75, 23.25, 23.75, 25.00, 23.75, 24.00, 23.75, 23.75, 24.25, 23.50, 23.50, 23.75, 23.75, 24.00, 23.75, 24.25, 24.25, 23.75, 23.75, 23.75, 23.00, 24.00, 24.00, 24.25, 24.25, 24.25, 24.00, 23.75, 24.00, 23.75, 23.75, 24.25, 24.50, 24.25, 24.00, 24.00, 23.00, 23.75, 23.75, 24.25, 24.25, 23.75, 24.75, 24.75, 24.00, 23.75, 24.25, 24.50, 24.25, 24.75, 26.50, 25.00, 23.75, 23.25, 23.75, 24.25, 24.00, 23.50, 25.25, 24.75, 2
1019, 0.00, 50.70, 0.00, 24.20, -6, 9, -5, 503, 0, 134, 135, 169, 1.05, -0.04, -0.16, 24.00, 24.25, 24.00, 24.50, 23.50, 23.50, 23.50, 24.50, 23.25, 24.00, 24.00, 24.00, 24.25, 23.50, 23.50, 24.00, 23.50, 24.00, 23.75, 24.50, 23.75, 24.00, 24.00, 24.50, 23.00, 24.00, 24.25, 24.75, 24.75, 24.25, 24.00, 23.50, 23.50, 23.50, 23.50, 24.50, 24.25, 24.25, 24.25, 24.00, 23.25, 23.75, 24.00, 24.25, 24.00, 24.25, 25.00, 24.75, 24.00, 24.00, 24.25, 24.50, 24.00, 24.75, 26.50, 25.00, 24.00, 24.00, 24.25, 24.50, 24.00, 24.25, 25.00, 26.00, 2