0.32 -0.00 0 1.15 0 -3.70 13.00 23.28 1
 1 -66 -11 36 0.00 0.00 0.00 22.28 22.25 22.53 22.69 22.87 23.16 24.06 25.75 22.84 23.47 23.59 23.69 22.91 22.81 23.00 23.28 1
0.09 -0.02 0 0.65 0 0.60 0 -61 0 33 0.00 0.00 0.00 21.97 22.16 22.47 22.62 22.66 23.12 23.22 24.56 23.06 22.97 22.59 23.06 22.66 22.69 22.81 22.94 1
-0.11 -0.02 0 0.65 13 13.60 0 -54 1 32 0.00 0.00 0.00 22.28 22.19 22.37 22.62 22.75 22.94 23.34 24.34 23.16 22.91 22.34 23.03 22.78 22.69 22.84 23.09 1
-0.11 -0.02 0 0.65 1 14.60 0 -56 0 33 0.00 0.00 0.00 22.16 22.19 22.41 22.53 22.69 23.00 23.31 24.47 23.16 22.78 22.56 22.94 22.66 22.78 22.91 22.97 1
-0.11 -0.02 3 3.65 0 14.60 1 -57 -1 32 0.00 0.00 0.00 22.37 22.31 22.47 22.66 23.12 23.16 23.31 24.53 22.97 23.06 22.66 23.16 22.78 22.87 23.12 23.31 1
-0.21 -0.02 1 4.65 -1 13.60 1 -57 3 33 0.00 0.00 0.00 22.22 22.19 22.37 22.56 22.78 22.97 23.31 23.87 22.72 22.66 22.56 23.12 22.78 22.75 22.78 22.91 1
-0.21 -0.02 -4 0.65 1 14.60 1 -54 0 32 0.00 0.00 0.00 22.22 22.16 22.37 22.44 22.75 23.19 23.37 24.00 22.75 22.69 22.53 23.09 22.69 22.75 22.94 23.06 1
-0.21 -0.02 -1 -0.35 -3 11.60 1 -51 -4 33 0.00 0.00 0.00 22.12 22.19 22.53 22.44 22.91 22.94 23.25 24.09 22.66 22.81 22.41 23.06 22.75 22.72 22.94 23.12 1
-0.21 -0.02 1 0.65 1 12.60 1 -48 -5 35 0.00 0.00 0.00 22.19 22.22 22.44 22.56 22.87 23.09 23.37 24.03 22.75 22.87 22.59 23.12 22.81 22.75 22.81 23.06 1
-0.21 -0.02 23 23.65 -1 11.60 1 -48 -5 35 0.00 0.00 0.00 22.12 22.25 22.44 22.62 22.91 23.00 23.47 23.78 22.62 22.69 22.66 23.06 22.78 22.78 23.06 22.94 20
-0.21 -0.02 -24 -0.35 1 12.60 1 -50 -2 34 0.00 0.00 0.00 22.09 22.19 22.28 22.56 22.91 23.12 23.16 23.97 22.59 22.69 22.53 23.12 22.75 22.66 22.94 23.00 1
-0.21 0.08 4 3.65 1 13.60 1 -50 0 33 0.00 0.00 0.00 22.37 22.44 22.56 22.81 23.00 23.34 23.53 24.25 22.91 23.09 22.81 23.34 22.94 23.12 22.97 23.12 1
-0.11 0.08 -4 -0.35 -2 11.60 1 -46 -5 36 0.00 0.00 0.00 22.62 22.56 22.72 22.81 23.12 23.28 23.59 24.19 23.00 23.00 22.81 23.44 22.94 23.09 23.22 23.41 1
-0.11 0.08 5 4.65 -1 10.60 1 -49 -4 35 0.00 0.00 0.00 22.12 22.22 22.37 22.75 22.87 23.22 23.31 24.00 22.84 22.62 22.66 23.12 22.75 22.81 22.91 23.16 1
-0.11 0.08 -5 -0.35 2 12.60 1 -51 -5 36 0.00 0.00 0.00 22.31 22.19 22.41 22.69 22.87 22.91 23.66 24.31 22.87 23.03 22.66 23.16 22.59 22.91 23.03 23.09 1
-0.11 0.08 2 1.65 -1 11.60 1 -51 -7 34 0.00 0.00 0.00 22.31 22.06 22.50 22.47 22.87 23.12 23.28 24.06 22.78 23.00 22.66 23.09 22.72 22.62 22.78 23.03 1
-0.11 0.08 -1 0.65 -2 9.60 1 -52 -6 38 0.00 0.00 0.00 22.06 22.06 22.41 22.47 22.66 22.97 23.03 23.87 22.69 22.72 22.41 22.94 22.50 22.69 22.59 23.00 1
-0.11 0.08 -2 -1.35 -2 7.60 1 -56 -7 39 0.00 0.00 0.00 22.28 22.09 22.25 22.44 22.81 22.94 23.16 23.91 22.53 22.84 22.59 22.91 22.59 22.66 22.66 23.09 1
-0.11 -0.02 4 2.65 0 7.60 1 -56 -8 38 0.00 0.00 0.00 22.03 21.91 22.16 22.37 22.56 23.06 23.25 24.09 22.62 22.62 22.47 22.87 22.62 22.66 22.69 22.87 1
-0.21 -0.02 -1 1.65 0 7.60 1 -52 -5 39 0.00 0.00 0.00 22.12 22.28 22.53 22.59 22.84 23.19 23.25 23.97 22.84 22.81 22.62 23.06 22.78 22.72 22.87 23.06 1
-0.21 -0.02 -2 -0.35 1 8.60 1 -49 -4 36 0.00 0.00 0.00 22.25 22.34 22.44 22.69 22.94 23.03 22.97 23.97 22.75 22.75 22.50 23.16 22.78 22.78 22.84 23.06 1
-0.21 -0.02 0 -0.35 -1 7.60 1 -52 -7 38 0.00 0.00 0.00 22.16 22.06 22.41 22.66 22.66 22.94 23.03 23.81 22.44 22.62 22.50 23.00 22.72 22.62 22.81 23.00 1
-0.21 0.08 5 4.65 0 7.60 1 -52 -8 37 0.00 0.00 0.00 22.09 22.06 22.31 22.44 22.53 23.00 23.19 23.72 22.44 22.59 22.34 23.03 22.66 22.62 22.75 22.91 1
-0.21 0.08 -3 1.65 -1 6.60 1 -53 -8 39 0.00 0.00 0.00 22.16 21.97 22.47 22.44 22.56 23.00 23.16 23.94 22.53 22.78 22.44 22.94 22.62 22.62 22.69 23.06 1
-0.21 0.08 -2 -0.35 0 6.60 1 -58 -7 40 0.00 0.00 0.00 22.03 22.09 22.28 22.34 22.69 22.94 23.09 24.00 22.53 22.66 22.37 22.94 22.72 22.59 22.75 22.91 1
-0.21 0.08 275 274.65 -1 5.60 1 -58 -8 40 0.00 0.00 0.00 22.16 22.19 22.19 22.50 22.62 22.97 23.41 23.81 22.56 22.69 22.31 23.03 22.66 22.66 22.91 23.03 20
-0.21 0.08 -274 0.65 0 5.60 1 -55 -6 40 0.00 0.00 0.00 22.16 22.03 22.16 22.59 22.59 23.00 23.25 23.97 22.44 22.62 22.31 23.00 22.81 22.75 22.91 22.91 1
-0.21 0.08 0 0.65 0 5.60 1 -54 -7 40 0.00 0.00 0.00 22.41 22.28 22.25 22.66 22.97 23.09 23.34 23.91 22.66 22.62 22.59 23.12 22.81 23.00 22.94 23.16 1
-0.21 0.08 -1 -0.35 1 6.60 1 -60 -4 40 0.00 0.00 0.00 22.16 21.81 22.22 22.37 22.84 23.06 23.09 23.78 22.47 22.56 22.34 22.91 22.56 22.69 22.84 22.97 1
-0.21 0.08 25 24.65 0 6.60 1 -57 -3 39 0.00 0.00 0.00 21.97 22.03 22.37 22.62 22.66 22.97 23.16 23.47 22.62 22.56 22.41 22.87 22.62 22.69 22.62 22.84 20
-0.21 0.08 -24 0.65 5 11.60 1 -60 -4 37 0.00 0.00 0.00 22.06 22.09 22.22 22.31 22.62 22.94 23.47 23.97 22.84 22.59 22.44 22.91 22.69 22.72 22.66 22.84 1
-0.21 0.08 2 2.65 -1 10.60 1 -59 3 34 0.00 0.00 0.00 21.94 22.00 22.25 22.31 22.81 22.78 23.09 23.87 22.47 22.56 22.37 22.87 22.62 22.62 22.72 22.81 1
-0.21 0.08 1 3.65 0 10.60 1 -61 1 35 0.00 0.00 0.00 22.00 22.00 22.28 22.50 22.84 22.94 23.12 23.78 22.56 22.69 22.44 23.03 22.66 22.72 22.50 22.87 1
-0.31 0.08 -3 0.65 2 12.60 1 -64 -2 34 0.00 0.00 0.00 21.84 21.91 22.12 22.47 22.56 23.16 23.22 23.94 22.91 22.66 22.50 22.91 22.56 22.53 22.44 22.72 1
-0.31 0.08 0 0.65 -2 10.60 1 -58 3 33 0.00 0.00 0.00 22.25 22.28 22.44 22.47 22.78 23.09 23.25 23.75 22.56 22.78 22.44 23.12 22.69 22.69 22.94 23.09 1
-0.31 0.08 0 0.65 1 11.60 1 -57 2 33 0.00 0.00 0.00 22.12 22.22 22.41 22.50 22.62 23.03 23.28 23.78 22.59 22.53 22.41 22.97 22.72 22.81 22.84 23.09 1
-0.31 0.08 3 3.65 0 11.60 1 -58 1 33 0.00 0.00 0.00 21.81 22.00 22.09 22.25 22.53 22.91 22.87 23.56 22.44 22.53 22.31 22.81 22.34 22.44 22.44 22.72 1
-0.31 0.08 -4 -0.35 5 16.60 1 -57 -5 32 0.00 0.00 0.00 21.87 21.81 22.09 22.22 22.56 22.87 23.09 23.75 22.44 22.44 22.12 22.75 22.56 22.53 22.50 22.94 1
-0.31 0.08 2 1.65 -2 14.60 1 -52 -3 32 0.00 0.00 0.00 21.84 21.78 22.00 22.25 22.53 22.75 23.50 24.22 23.06 22.69 22.22 22.72 22.41 22.53 22.56 22.69 1
-0.31 0.08 1 2.65 -1 13.60 1 -53 -2 32 0.00 0.00 0.00 21.87 21.94 22.16 22.31 22.41 22.72 22.97 23.59 22.28 22.44 22.22 22.84 22.31 22.37 22.69 22.81 1
-0.31 0.08 -3 -0.35 0 13.60 1 -52 -1 33 0.00 0.00 0.00 22.03 22.06 22.25 22.37 22.47 22.69 22.97 23.72 22.50 22.47 22.37 22.75 22.62 22.44 22.59 22.81 1
-0.31 0.08 2 1.65 -1 12.60 1 -50 -4 35 0.00 0.00 0.00 22.00 22.00 22.16 22.41 22.50 22.87 22.91 23.56 22.53 22.44 22.28 22.87 22.44 22.44 22.62 22.78 1
-0.31 0.08 -2 -0.35 1 13.60 1 -49 -3 36 0.00 0.00 0.00 22.41 22.25 22.44 22.47 22.78 23.19 23.66 24.03 23.25 22.81 22.59 23.03 22.81 22.72 22.78 23.22 1
-0.31 0.08 3 2.65 -1 12.60 1 -50 -5 34 0.00 0.00 0.00 22.03 21.91 22.31 22.44 22.84 23.06 23.50 23.94 23.16 22.62 22.53 22.81 22.41 22.66 22.87 22.97 1
-0.31 0.08 -1 1.65 -5 7.60 1 -51 -5 39 0.00 0.00 0.00 22.00 21.94 22.16 22.44 22.62 22.72 22.91 23.62 22.37 22.41 22.25 22.87 22.34 22.62 22.69 22.84 1
-0.31 0.08 -2 -0.35 0 7.60 1 -52 -7 40 0.00 0.00 0.00 21.87 21.97 22.22 22.47 22.66 22.72 22.91 23.78 22.47 22.53 22.34 22.91 22.41 22.44 22.69 22.81 1
-0.31 0.08 3 2.65 0 7.60 1 -53 -6 39 0.00 0.00 0.00 22.00 21.97 22.12 22.19 22.50 22.84 22.81 23.50 22.47 22.47 22.22 22.69 22.31 22.41 22.62 22.75 1
-0.21 0.08 -2 0.65 0 7.60 1 -57 -8 40 0.00 0.00 0.00 21.91 21.97 22.09 22.34 22.72 22.69 23.06 23.62 22.59 22.44 22.16 22.94 22.44 22.47 22.56 22.81 1
-0.21 0.08 1 1.65 1 8.60 1 -61 -7 37 0.00 0.00 0.00 22.06 22.09 22.12 22.44 22.75 22.91 23.00 23.81 22.56 22.66 22.25 22.84 22.53 22.56 22.81 22.97 1
-0.21 0.08 -3 -1.35 0 8.60 1 -57 -5 40 0.00 0.00 0.00 21.87 21.94 22.37 22.37 22.50 23.22 23.19 23.59 22.81 22.53 22.22 22.72 22.66 22.56 22.75 22.81 1
-0.21 0.08 3 1.65 -2 6.60 1 -59 -6 39 0.00 0.00 0.00 22.12 22.06 22.37 22.53 22.66 23.06 23.28 23.69 22.53 22.69 22.41 22.94 22.56 22.66 22.91 23.09 1
-0.21 0.08 -2 -0.35 0 6.60 0 -56 -4 40 0.00 0.00 0.00 21.91 21.97 22.19 22.31 22.72 22.87 23.00 23.50 22.44 22.56 22.25 22.94 22.47 22.41 22.78 22.62 1
-0.21 0.08 16 15.65 0 6.60 0 -58 -3 40 0.00 0.00 0.00 21.94 21.94 22.12 22.50 22.59 22.84 22.84 23.50 22.47 22.44 22.22 22.81 22.34 22.44 22.56 23.00 20
-0.21 0.08 -14 1.65 2 8.60 0 -58 -8 38 0.00 0.00 0.00 21.94 21.81 22.06 22.34 22.62 23.16 23.06 23.50 22.69 22.53 22.25 22.84 22.41 22.34 22.53 22.91 1
-0.21 0.08 0 1.65 -2 6.60 0 -58 -6 39 0.00 0.00 0.00 22.09 21.87 22.31 22.22 22.53 22.72 22.84 23.56 22.50 22.44 22.19 22.78 22.59 22.34 22.59 22.72 1
-0.21 0.08 0 1.65 3 9.60 0 -60 -5 38 0.00 0.00 0.00 21.75 21.97 21.94 22.22 22.37 22.78 22.97 23.66 22.34 22.34 22.25 22.72 22.50 22.44 22.41 22.66 1
-0.21 0.08 0 1.65 0 9.60 0 -64 -8 39 0.00 0.00 0.00 22.16 21.94 22.25 22.31 22.59 22.78 23.19 24.59 22.59 23.16 22.72 22.81 22.53 22.50 22.56 22.94 1
-0.21 0.08 -2 -0.35 2 11.60 0 -64 -6 37 0.00 0.00 0.00 22.12 22.12 22.37 22.59 22.94 23.19 23.47 25.22 22.87 23.44 23.25 23.09 22.84 22.75 22.75 23.03 1
-0.21 0.08 63 62.65 -2 9.60 0 -62 -4 37 0.00 0.00 0.00 22.41 22.44 22.56 22.69 23.00 23.16 23.37 24.62 23.00 23.19 22.72 23.34 22.87 22.97 23.00 23.16 20
-0.21 0.08 -63 -0.35 1 10.60 0 -64 -4 37 0.00 0.00 0.00 22.09 21.97 22.31 22.50 22.66 22.94 23.31 24.75 22.81 23.03 22.87 22.91 22.62 22.62 22.75 22.91 1
-0.21 0.08 4 3.65 1 11.60 0 -63 0 34 0.00 0.00 0.00 22.06 22.06 22.34 22.56 22.84 22.91 23.69 25.59 23.12 23.59 23.31 22.97 22.72 22.78 22.75 22.81 1
-0.11 0.08 4 7.65 2 13.60 0 -63 0 32 0.00 0.00 0.00 22.16 22.22 22.53 22.56 22.84 23.12 24.12 26.22 23.56 23.97 23.69 23.22 22.72 22.75 22.87 23.00 20
-0.11 0.08 20 27.65 1 14.60 1 -65 0 33 0.00 0.00 0.00 22.19 22.37 22.31 22.62 22.91 23.03 23.84 25.97 23.25 23.75 23.50 23.28 22.66 22.75 22.94 23.12 20
-0.11 0.08 -24 3.65 -2 12.60 1 -65 -3 33 0.00 0.00 0.00 22.12 22.22 22.34 22.53 22.91 23.06 23.91 25.97 23.25 23.81 23.50 23.19 22.59 22.72 22.87 23.12 1
-0.01 0.08 -4 -0.35 3 15.60 1 -64 -2 31 0.00 0.00 0.00 22.31 22.16 22.37 22.50 22.69 23.12 24.41 25.91 23.44 23.91 23.50 23.06 22.72 22.84 22.87 23.12 1
-0.01 0.08 1 0.65 1 16.60 1 -65 0 32 0.00 0.00 0.00 22.25 22.28 22.50 22.84 22.81 23.19 24.62 26.25 23.56 24.12 23.69 23.25 22.94 22.78 23.19 23.22 1
-0.01 0.08 0 0.65 -2 14.60 1 -64 0 32 0.00 0.00 0.00 22.28 22.28 22.47 22.53 22.66 23.06 23.69 25.75 23.41 23.78 23.25 23.12 22.72 22.69 22.75 23.00 1
-0.01 0.08 2 2.65 1 15.60 1 -62 1 31 0.00 0.00 0.00 21.97 22.19 22.16 22.56 22.62 22.91 23.37 25.19 23.03 23.41 22.66 23.06 22.56 22.62 22.81 22.81 1
0.09 0.08 -2 0.65 -2 13.60 1 -63 1 32 0.00 0.00 0.00 22.16 22.09 22.28 22.41 22.72 23.09 23.62 25.44 23.53 23.53 22.84 22.91 22.62 22.50 22.97 22.91 1
0.09 0.08 0 0.65 -1 12.60 1 -65 0 34 0.00 0.00 0.00 22.03 22.12 22.47 22.69 22.91 23.16 23.91 25.78 23.78 23.78 23.16 22.91 22.72 22.75 22.81 23.16 1
0.09 0.08 -1 -0.35 -1 11.60 1 -64 -4 35 0.00 0.00 0.00 22.12 22.19 22.44 22.44 22.69 23.22 23.81 25.75 23.56 23.87 22.94 22.97 22.69 22.78 22.81 23.03 1
0.09 0.08 150 149.65 1 12.60 1 -59 2 33 0.00 0.00 0.00 22.00 22.19 22.37 22.47 22.78 22.94 23.03 24.19 22.84 22.78 22.50 22.97 22.66 22.59 22.75 22.87 20
0.09 0.08 -149 0.65 1 13.60 1 -60 -1 33 0.00 0.00 0.00 22.03 22.28 22.56 22.84 23.00 23.34 23.53 24.09 23.00 22.97 22.56 23.16 22.75 22.97 23.03 23.25 1
0.09 0.08 2 2.65 -3 10.60 1 -60 2 34 0.00 0.00 0.00 22.41 22.50 22.59 22.75 22.87 23.16 23.19 24.25 22.94 23.12 22.59 23.22 22.78 22.97 22.84 23.25 1
0.09 0.08 0 2.65 2 12.60 1 -60 0 33 0.00 0.00 0.00 22.16 21.94 22.28 22.37 22.91 22.97 23.28 23.87 22.72 22.69 22.53 22.87 22.62 22.69 22.66 23.00 1
0.09 0.08 -2 0.65 -2 10.60 1 -61 -1 34 0.00 0.00 0.00 21.78 21.75 22.09 22.41 22.50 22.72 23.06 24.06 22.53 22.59 22.25 22.81 22.53 22.37 22.69 22.59 1
0.09 0.08 69 69.65 -1 9.60 1 -61 -2 35 0.00 0.00 0.00 22.03 22.06 22.03 22.22 22.44 22.81 23.12 24.00 22.66 22.50 22.22 22.78 22.44 22.59 22.62 22.91 20
0.09 0.08 -69 0.65 -1 8.60 1 -58 0 36 0.00 0.00 0.00 21.84 21.91 22.06 22.06 22.47 22.75 22.75 23.75 22.44 22.44 22.12 22.78 22.31 22.44 22.44 22.62 1
-0.01 0.08 1 1.65 1 9.60 1 -61 -2 35 0.00 0.00 0.00 22.00 21.91 22.22 22.37 22.53 22.75 22.94 23.91 22.53 22.50 22.37 22.84 22.44 22.53 22.56 22.84 1
-0.01 0.08 -2 -0.35 -1 8.60 1 -60 -1 37 0.00 0.00 0.00 21.97 21.87 21.97 22.41 22.53 22.78 23.03 23.87 22.66 22.62 22.06 22.84 22.44 22.44 22.62 22.75 1
-0.01 0.08 20 19.65 1 9.60 1 -61 -3 36 0.00 0.00 0.00 22.03 21.97 22.28 22.53 22.87 22.91 23.19 24.12 22.84 22.78 22.37 22.97 22.56 22.62 22.75 23.00 20
-0.01 0.08 -16 3.65 2 11.60 1 -60 -1 34 0.00 0.00 0.00 22.03 22.03 22.12 22.28 22.56 22.75 23.16 24.03 22.53 22.56 22.31 22.94 22.50 22.62 22.72 22.78 1
-0.11 0.08 -2 1.65 -2 9.60 1 -61 0 37 0.00 0.00 0.00 22.16 21.97 22.34 22.47 22.56 22.84 23.00 23.66 22.56 22.53 22.31 22.84 22.59 22.53 22.81 22.81 1
-0.11 0.08 -1 0.65 -1 8.60 1 -59 -1 38 0.00 0.00 0.00 22.00 22.03 22.25 22.37 22.66 23.09 23.12 23.84 22.66 22.50 22.37 22.94 22.41 22.69 22.81 23.00 1
-0.11 0.08 4 4.65 1 9.60 1 -58 0 35 0.00 0.00 0.00 21.97 22.03 22.31 22.37 22.37 22.75 22.97 24.00 22.56 22.69 22.22 22.75 22.59 22.53 22.62 22.81 1
-0.11 0.08 -1 3.65 -1 8.60 1 -61 -2 38 0.00 0.00 0.00 21.78 21.78 22.19 22.25 22.66 22.84 23.19 23.91 22.69 22.59 22.28 22.69 22.44 22.50 22.59 22.81 1
-0.11 0.08 -2 1.65 -1 7.60 1 -59 -6 38 0.00 0.00 0.00 22.09 21.91 22.09 22.37 22.41 22.91 23.06 24.09 22.53 22.56 22.28 22.84 22.50 22.56 22.75 22.91 1
-0.11 0.08 -3 -1.35 1 8.60 1 -61 -5 38 0.00 0.00 0.00 21.81 21.94 22.31 22.41 22.44 22.84 23.09 23.91 22.84 22.53 22.25 22.75 22.56 22.44 22.56 22.81 1
-0.11 0.18 115 113.65 1 9.60 1 -60 -1 37 0.00 0.00 0.00 22.25 22.25 22.16 22.62 22.84 23.16 23.47 24.06 22.87 22.91 22.59 23.09 22.62 22.78 22.78 23.16 20
-0.11 0.18 -113 0.65 -1 8.60 1 -60 -5 37 0.00 0.00 0.00 22.00 21.87 22.28 22.31 22.59 22.75 23.06 23.97 22.72 22.59 22.34 22.91 22.37 22.25 22.69 22.97 1
-0.11 0.18 1 1.65 -2 6.60 1 -58 -3 39 0.00 0.00 0.00 21.94 21.97 22.19 22.31 22.50 22.87 23.16 23.97 22.62 22.53 22.37 22.91 22.53 22.50 22.62 22.81 1
-0.11 0.18 1 2.65 2 8.60 1 -60 -3 40 0.00 0.00 0.00 22.00 21.97 22.19 22.47 22.66 22.84 22.84 23.91 22.62 22.69 22.22 22.94 22.56 22.50 22.59 22.75 1
-0.31 0.08 -2 0.65 -1 7.60 1 -60 -6 39 0.00 0.00 0.00 21.94 21.91 22.25 22.47 22.72 22.91 23.22 23.75 22.75 22.59 22.28 22.81 22.47 22.62 22.72 22.91 1
-0.31 0.08 -1 -0.35 -1 6.60 1 -58 -5 41 0.00 0.00 0.00 21.91 21.91 22.25 22.28 22.59 22.91 23.09 24.06 22.62 22.56 22.25 22.75 22.72 22.59 22.75 22.75 1
-0.31 0.08 1 0.65 0 6.60 1 -56 -8 40 0.00 0.00 0.00 22.09 22.16 22.25 22.37 22.72 22.94 23.00 23.84 22.87 22.44 22.44 22.84 22.53 22.44 22.84 22.97 1
-0.31 0.08 1 1.65 1 7.60 1 -58 -5 40 0.00 0.00 0.00 22.25 22.25 22.31 22.50 22.91 23.03 23.12 24.28 22.91 22.84 22.44 23.16 22.56 22.84 22.84 23.06 1
-0.31 0.08 -1 0.65 -1 6.60 1 -57 -5 40 0.00 0.00 0.00 22.28 22.37 22.53 22.75 22.75 23.06 23.37 24.31 22.84 22.84 22.69 23.19 22.94 22.72 23.00 23.22 1
-0.31 0.08 1 1.65 0 6.60 1 -55 -9 40 0.00 0.00 0.00 21.87 22.19 22.34 22.37 22.53 22.75 22.94 23.87 22.59 22.56 22.31 22.87 22.50 22.47 22.66 22.91 1
-0.31 0.08 -1 0.65 0 6.60 1 -57 -5 41 0.00 0.00 0.00 22.03 22.12 22.19 22.47 22.87 22.81 23.06 24.00 22.62 22.69 22.34 22.97 22.47 22.78 22.75 22.94 1
-0.41 0.08 5 5.65 1 7.60 1 -61 -4 39 0.00 0.00 0.00 22.03 22.09 22.25 22.56 22.56 23.06 23.25 23.97 22.62 22.75 22.34 23.06 22.53 22.56 22.91 23.00 20
-0.41 0.08 -3 2.65 -1 6.60 1 -58 -3 39 0.00 0.00 0.00 22.00 22.16 22.44 22.47 22.66 22.97 23.03 23.97 22.66 22.72 22.31 22.91 22.66 22.69 22.87 22.87 1
-0.41 0.08 -2 0.65 1 7.60 1 -61 -3 40 0.00 0.00 0.00 22.09 21.97 22.22 22.44 22.69 23.06 23.16 24.03 22.62 22.66 22.50 22.94 22.59 22.75 22.66 22.94 1
-0.41 0.08 3 3.65 2 9.60 1 -60 -2 36 0.00 0.00 0.00 22.25 22.19 22.25 22.47 22.72 22.91 23.31 24.09 22.81 22.69 22.56 23.06 22.59 22.59 22.84 23.03 1
-0.41 0.08 -3 0.65 2 11.60 1 -59 2 34 0.00 0.00 0.00 22.12 22.47 22.37 22.66 22.97 23.22 23.62 24.16 23.00 22.87 22.62 23.12 22.75 22.87 23.06 23.28 1
-0.41 0.08 3 3.65 0 11.60 1 -59 2 34 0.00 0.00 0.00 22.16 22.28 22.34 22.69 22.69 22.97 23.09 23.94 22.78 22.91 22.41 23.00 22.59 22.81 22.66 23.00 1
-0.41 0.08 -2 1.65 -1 10.60 1 -61 -1 35 0.00 0.00 0.00 22.03 22.06 22.22 22.56 22.62 22.81 23.00 23.94 22.75 22.75 22.28 22.94 22.37 22.62 22.72 22.81 1
-0.51 0.08 -1 0.65 0 10.60 1 -62 0 35 0.00 0.00 0.00 22.09 22.03 22.28 22.59 22.66 22.78 23.19 24.00 22.75 22.69 22.47 22.87 22.53 22.81 22.75 22.75 1
-0.51 0.08 2 2.65 -1 9.60 1 -61 0 37 0.00 0.00 0.00 22.03 22.22 22.41 22.50 22.62 22.84 23.28 23.72 22.69 22.62 22.44 22.97 22.69 22.56 22.72 22.94 1
-0.51 0.08 -2 0.65 -1 8.60 1 -59 -2 38 0.00 0.00 0.00 21.91 22.06 22.25 22.56 22.78 23.00 23.06 24.00 22.69 22.62 22.34 22.97 22.66 22.53 22.75 23.06 1
-0.51 0.08 4 4.65 2 10.60 0 -60 1 36 0.00 0.00 0.00 22.09 22.12 22.22 22.19 22.81 22.84 23.06 24.09 22.66 22.62 22.19 22.94 22.59 22.78 22.87 22.78 1
-0.51 0.08 -5 -0.35 1 11.60 0 -59 2 34 0.00 0.00 0.00 22.09 22.25 22.28 22.47 23.00 23.12 23.59 24.25 22.81 22.75 22.50 23.12 22.81 22.94 22.91 23.22 1
-0.51 0.08 2 1.65 1 12.60 0 -60 0 34 0.00 0.00 0.00 22.16 22.28 22.47 22.72 22.75 23.03 23.12 24.09 22.87 22.69 22.53 23.00 22.91 22.87 22.87 22.87 1
-0.51 0.08 -2 -0.35 -2 10.60 0 -58 2 35 0.00 0.00 0.00 22.00 22.06 22.31 22.34 22.62 22.78 23.06 23.87 22.66 22.50 22.31 22.84 22.50 22.62 22.78 22.84 1
-0.51 0.08 1 0.65 0 10.60 0 -61 0 35 0.00 0.00 0.00 22.00 22.00 22.25 22.41 22.69 22.91 22.97 23.69 22.62 22.62 22.12 22.87 22.47 22.69 22.66 22.84 1
-0.51 0.08 1 1.65 -1 9.60 0 -58 1 35 0.00 0.00 0.00 22.06 21.87 22.12 22.50 22.47 22.69 23.03 23.78 22.59 22.66 22.25 22.72 22.53 22.47 22.47 22.84 1
-0.51 0.08 3 4.65 1 10.60 0 -58 2 34 0.00 0.00 0.00 21.94 21.87 22.12 22.59 22.59 22.81 23.06 24.03 22.62 22.56 22.28 22.91 22.41 22.59 22.78 22.87 1
-0.51 0.08 1 5.65 2 12.60 0 -61 0 34 0.00 0.00 0.00 21.97 21.94 22.16 22.41 22.50 22.78 23.09 23.87 22.66 22.53 22.28 22.75 22.47 22.72 22.69 22.62 20
-0.61 0.08 -5 0.65 -1 11.60 0 -63 0 35 0.00 0.00 0.00 21.81 21.97 22.16 22.34 22.47 22.72 23.03 24.12 22.56 22.41 22.44 22.69 22.56 22.44 22.62 22.91 1
-0.61 0.08 -1 -0.35 1 12.60 0 -65 -3 35 0.00 0.00 0.00 22.37 22.31 22.56 22.75 23.00 23.37 23.81 25.78 23.19 23.81 23.31 23.25 22.97 22.94 23.06 23.44 1
-0.61 0.08 0 -0.35 0 12.60 0 -65 -7 36 0.00 0.00 0.00 22.19 22.25 22.59 22.62 22.84 23.12 24.47 26.12 22.91 23.94 23.78 23.59 22.84 22.94 23.00 23.22 1
-0.61 0.08 1 0.65 1 13.60 1 -67 -7 34 0.00 0.00 0.00 22.25 22.16 22.44 22.53 22.81 23.34 25.12 26.16 23.03 23.69 23.94 24.12 23.28 22.66 23.03 23.06 1
-0.61 0.08 0 0.65 1 14.60 1 -66 -7 35 0.00 0.00 0.00 22.25 22.25 22.41 22.69 22.94 23.47 25.69 26.47 23.09 23.59 24.25 24.44 23.59 22.91 23.06 23.22 1
-0.61 0.08 10 10.65 1 15.60 1 -67 -9 37 0.00 0.00 0.00 22.22 22.22 22.47 22.66 23.06 23.37 25.41 26.81 22.94 23.34 24.16 24.41 24.00 23.00 23.00 23.37 20
